tplot	xplot	yplot	zplot
0	1	1	20
0.1	1.34107	2.01367	15.4652
0.2	2.51599	4.35098	12.3688
0.3	5.44468	9.81779	11.917
0.4	11.5211	18.7145	20.2761
0.5	15.0456	13.3871	37.7995
0.6	8.75922	0.198869	35.1044
0.7	2.36211	-1.43272	26.4352
0.8	0.224299	-0.994739	20.1371
0.9	-0.512571	-1.19966	15.4447
1	-1.26419	-2.33555	11.9685
1.1	-2.89654	-5.41143	9.86114
1.2	-6.88363	-12.7699	11.4361
1.3	-14.2526	-21.1822	26.1247
1.4	-13.5926	-6.95988	40.4962
1.5	-5.44465	2.08514	32.1221
1.6	-0.539787	2.17346	24.1234
1.7	1.09905	2.41399	18.5701
1.8	2.42163	4.1993	14.7404
1.9	4.97277	8.69973	13.3665
2	10.1505	16.5854	18.9098
2.1	14.7324	15.5039	34.7499
2.2	10.1865	2.41108	36.121
2.3	3.69589	-0.631607	27.8562
2.4	1.21562	-0.00101115	21.2615
2.5	0.769038	0.70385	16.3071
2.6	1.10485	1.75638	12.5839
2.7	2.29643	4.17949	10.0673
2.8	5.3964	10.1181	10.0864
2.9	12.1302	20.15	20.0018
3	15.4126	12.6067	39.5402
3.1	8.06606	-1.21538	34.9193
3.2	1.42098	-2.38134	25.9736
3.3	-0.804809	-2.32385	19.888
3.4	-2.09399	-3.67763	15.6284
3.5	-4.25612	-7.4094	13.5031
3.6	-8.77074	-14.7563	16.7903
3.7	-14.3761	-17.557	31.4142
3.8	-11.5846	-4.62763	37.4116
3.9	-4.81233	0.458555	29.6025
4	-1.58577	0.0413342	22.5826
4.1	-0.909565	-0.734064	17.3236
4.2	-1.20036	-1.83528	13.3781
4.3	-2.39561	-4.2867	10.7139
4.4	-5.49169	-10.1758	10.6723
4.5	-12.0867	-19.8486	20.3979
4.6	-15.2414	-12.534	39.1827
4.7	-8.12491	0.884395	34.8214
4.8	-1.64007	2.08507	25.9834
4.9	0.511836	1.91879	19.8506
5	1.6284	2.94886	15.4454
5.1	3.39768	6.0021	12.8083
5.2	7.2785	12.7598	14.2186
5.3	13.6338	19.213	27.0082
5.4	13.1372	7.62659	38.6531
5.5	6.14155	-0.528916	31.8048
5.6	1.72639	-0.649057	24.1257
5.7	0.521382	-0.0917087	18.4431
5.8	0.317714	0.270209	14.1276
5.9	0.472103	0.769494	10.8373
6	1.03842	1.94736	8.3874
6.1	2.60011	5.09367	6.97012
6.2	6.77363	13.1399	9.04801
6.3	15.1009	23.0133	26.2573
6.4	13.5079	5.12001	42.1495
6.5	4.20577	-3.69858	31.927
6.6	-0.807484	-3.68755	24.0988
6.7	-2.78814	-4.72248	19.1776
6.8	-5.05736	-8.14089	16.9086
6.9	-9.08062	-14.011	20.0014
7	-13.1774	-15.1449	31.0685
7.1	-11.0085	-5.81956	35.3059
7.2	-5.78062	-1.52186	29.2791
7.3	-3.18111	-2.05227	23.0128
7.4	-3.14155	-3.9472	18.3929
7.5	-4.8972	-7.6539	16.0803
7.6	-8.86112	-13.934	18.9511
7.7	-13.3987	-15.9191	30.6775
7.8	-11.3565	-5.9312	35.9351
7.9	-5.75166	-1.09955	29.6507
8	-2.86406	-1.52795	23.1056
8.1	-2.61978	-3.16979	18.2088
8.2	-4.04254	-6.36897	15.2933
8.3	-7.60208	-12.4943	16.5509
8.4	-12.9741	-17.4565	27.4124
8.5	-12.6627	-8.19885	36.9717
8.6	-6.75183	-0.90957	31.5314
8.7	-2.80564	-0.714825	24.3734
8.8	-1.95248	-1.91855	18.903
8.9	-2.67366	-4.06422	15.0519
9	-5.05087	-8.61962	13.6393
9.1	-10.0978	-16.3764	19.0182
9.2	-14.6208	-15.4762	34.4729
9.3	-10.2494	-2.66826	36.0705
9.4	-3.85519	0.459565	27.945
9.5	-1.38102	-0.194463	21.3589
9.6	-0.99774	-1.04545	16.4117
9.7	-1.51941	-2.46038	12.7523
9.8	-3.17032	-5.74491	10.5886
9.9	-7.26369	-13.2153	12.4409
10	-14.3866	-20.6165	27.3759
10.1	-13.1855	-6.33008	39.9519
10.2	-5.24891	1.8023	31.5921
10.3	-0.704263	1.78961	23.7869
10.4	0.76079	1.89117	18.2513
10.5	1.83987	3.26886	14.2796
10.6	3.89388	6.95638	12.2081
10.7	8.43602	14.6596	15.2694
10.8	14.6965	18.705	30.8901
10.9	11.9481	4.48681	38.3233
11	4.59414	-1.16442	29.956
11.1	1.03707	-0.846849	22.7142
11.2	0.0582362	-0.560428	17.3702
11.3	-0.33906	-0.768302	13.3147
11.4	-0.857057	-1.62728	10.261
11.5	-2.0761	-3.99335	8.21264
11.6	-5.24873	-10.1619	8.526
11.7	-12.4401	-21.1593	19.3614
11.8	-15.7285	-12.2465	40.7197
11.9	-7.65409	2.20728	34.9153
12	-0.746773	3.15615	25.8258
12.1	1.61921	3.41283	19.9849
12.2	3.34957	5.59134	16.3031
12.3	6.41279	10.6563	15.9757
12.4	11.5734	16.9169	23.7776
12.5	13.5135	11.4951	35.9108
12.6	8.4771	2.06726	33.4502
12.7	3.63187	0.722962	26.1337
12.8	2.19906	1.81326	20.288
12.9	2.65781	3.80013	16.0975
13	4.73342	7.89439	14.1839
13.1	9.29836	15.1733	18.1222
13.2	14.2855	16.4711	32.4447
13.3	11.0488	4.15733	36.6174
13.4	4.66231	-0.0946634	28.9676
13.5	1.82312	0.464181	22.2032
13.6	1.40035	1.53448	17.1259
13.7	2.13285	3.42626	13.4817
13.8	4.335	7.697	11.8706
13.9	9.3522	16.033	16.3589
14	15.1816	17.6317	33.5144
14.1	11.0361	2.64837	37.5651
14.2	3.68454	-1.44384	28.7214
14.3	0.632447	-1.01373	21.799
14.4	-0.275169	-0.965393	16.6901
14.5	-0.882528	-1.67613	12.8534
14.6	-2.01841	-3.75597	10.1852
14.7	-4.8029	-9.06876	9.68954
14.8	-11.1001	-19.1218	17.6342
14.9	-15.9543	-15.1148	38.2703
15	-9.19134	0.716881	36.1612
15.1	-1.7696	2.6234	26.7886
15.2	0.815214	2.51466	20.4848
15.3	2.20151	3.85208	16.1295
15.4	4.408	7.59548	14.0044
15.5	8.90424	14.7812	17.3929
15.6	14.2408	17.0987	31.5996
15.7	11.4296	4.67081	37.0498
15.8	4.88952	-0.182983	29.4531
15.9	1.79948	0.277688	22.5382
16	1.24509	1.24529	17.3459
16.1	1.80463	2.84998	13.5432
16.2	3.63798	6.47507	11.4581
16.3	8.03595	14.2254	14.1072
16.4	14.7146	19.5616	29.8267
16.5	12.3701	4.9069	39.0164
16.6	4.70047	-1.51429	30.4788
16.7	0.808892	-1.29563	23.0445
16.8	-0.372953	-1.23967	17.642
16.9	-1.12803	-2.09748	13.6269
17	-2.5008	-4.58089	10.9614
17.1	-5.7681	-10.6549	11.132
17.2	-12.4502	-20.0142	21.5656
17.3	-14.9018	-11.529	39.3675
17.4	-7.7013	0.920616	34.2884
17.5	-1.59237	1.87817	25.6555
17.6	0.393543	1.68429	19.5962
17.7	1.39828	2.57701	15.1875
17.8	2.97065	5.29739	12.3802
17.9	6.49979	11.6171	12.9855
18	12.9643	19.525	24.3002
18.1	13.9902	9.69695	38.8763
18.2	7.05132	-0.467447	33.0977
18.3	1.85424	-1.03627	25.005
18.4	0.299501	-0.57562	19.0877
18.5	-0.176088	-0.584976	14.6193
18.6	-0.563678	-1.09885	11.2256
18.7	-1.35875	-2.59739	8.75107
18.8	-3.4051	-6.63358	7.64477
18.9	-8.60877	-16.142	11.8904
19	-16.4564	-20.9429	33.1385
19.1	-11.5558	-0.629022	39.8814
19.2	-2.24622	3.94393	29.1558
19.3	1.50689	3.88684	22.3683
19.4	3.40902	5.57884	18.1911
19.5	6.1596	9.88615	17.1937
19.6	10.6901	15.5685	23.0334
19.7	13.2087	12.5358	34.0882
19.8	9.31642	3.59149	33.7606
19.9	4.61404	1.50468	27.1033
20	3.01054	2.60298	21.3566
20.1	3.57887	4.97987	17.3916
20.2	6.01717	9.5894	16.348
20.3	10.6566	15.8533	22.2373
20.4	13.5435	13.079	34.3192
20.5	9.47796	3.33097	34.2404
20.6	4.41429	1.05905	27.243
20.7	2.63323	2.06448	21.2744
20.8	3.00808	4.1436	17.0114
20.9	5.11251	8.30286	15.201
21	9.59472	15.1682	19.4204
21.1	13.9559	15.465	32.7333
21.2	10.689	4.24243	35.8439
21.3	4.80815	0.478162	28.6192
21.4	2.27106	1.15106	22.1114
21.5	2.12126	2.63908	17.2636
21.6	3.4192	5.54105	14.1804
21.7	6.76784	11.5548	14.6663
21.8	12.6159	18.3541	24.9255
21.9	13.584	9.86517	37.6724
22	7.38783	0.541387	32.8445
22.1	2.57425	-0.115651	25.1305
22.2	1.24473	0.738718	19.2825
22.3	1.36569	1.90088	14.9051
22.4	2.49375	4.30216	11.9224
22.5	5.44624	9.87994	11.567
22.6	11.6478	18.9949	20.2377
22.7	15.124	13.2389	38.1501
22.8	8.62341	-0.0871335	35.0672
22.9	2.17516	-1.61608	26.3289
23	0.0262194	-1.24583	20.0616
23.1	-0.813137	-1.67129	15.4256
23.2	-1.84305	-3.34304	12.1065
23.3	-4.14833	-7.65123	10.6957
23.4	-9.40639	-16.5081	15.5166
23.5	-15.6371	-18.1225	34.1839
23.6	-10.9521	-1.74585	37.9154
23.7	-3.12782	2.13385	28.5298
23.8	0.00555119	1.80788	21.6491
23.9	1.18986	2.34594	16.71
24	2.54754	4.48845	13.3585
24.1	5.44322	9.69824	12.6992
24.2	11.2527	18.1094	20.401
24.3	14.8449	13.6457	37.0287
24.4	9.03413	0.840313	35.1512
24.5	2.77646	-1.01836	26.6743
24.6	0.662823	-0.443823	20.3319
24.7	0.144971	-0.172443	15.5625
24.8	0.000498413	-0.123273	11.919
24.9	-0.0883267	-0.206222	9.12994
25	-0.248163	-0.49906	6.99813
25.1	-0.66725	-1.34685	5.39613
25.2	-1.85693	-3.80458	4.40909
25.3	-5.27312	-10.7424	5.59911
25.4	-13.592	-23.6625	19.4677
25.5	-15.6249	-9.65342	43.3214
25.6	-6.02635	4.18493	34.2544
25.7	0.760184	4.57524	25.4967
25.8	3.25022	5.4601	20.5092
25.9	5.64508	8.74491	18.5051
26	9.43405	13.7852	21.8687
26.1	12.6235	13.7031	31.3173
26.2	10.4245	5.87981	34.059
26.3	5.98382	2.44263	28.689
26.4	3.89531	3.13508	23.0411
26.5	4.21637	5.46002	19.0914
26.6	6.47394	9.75962	18.1526
26.7	10.554	14.8995	23.5242
26.8	12.8076	12.2424	33.3625
26.9	9.36253	4.22604	33.3318
27	5.05338	2.12864	27.2212
27.1	3.56199	3.26986	21.7582
27.2	4.28552	5.9103	18.1704
27.3	6.96229	10.718	18.0027
27.4	11.3603	15.6403	25.0057
27.5	12.7386	10.8689	34.6201
27.6	8.48875	3.1528	32.6105
27.7	4.39678	1.90654	26.1535
27.8	3.28543	3.26717	20.8111
27.9	4.2396	6.08655	17.4171
28	7.17774	11.2504	17.6772
28.1	11.8316	16.1515	25.7372
28.2	12.7317	10.1132	35.351
28.3	7.99038	2.49203	32.2796
28.4	3.95473	1.62779	25.5874
28.5	2.97749	3.02783	20.2278
28.6	3.96206	5.81221	16.7795
28.7	6.92366	11.0838	16.8729
28.8	11.8395	16.6031	25.0725
28.9	13.0612	10.519	35.7514
29	8.09093	2.18508	32.7031
29.1	3.73229	1.19305	25.7117
29.2	2.58573	2.45929	20.1339
29.3	3.34846	4.89843	16.3286
29.4	5.95766	9.77125	15.465
29.5	10.9455	16.5431	22.0652
29.6	13.8583	13.0046	35.1944
29.7	9.2435	2.57292	34.3747
29.8	3.92356	0.530041	26.9372
29.9	2.12682	1.48486	20.8478
30	2.34982	3.22098	16.3932
30.1	4.07151	6.76031	13.9226
30.2	8.13009	13.6622	16.1781
30.3	13.8606	17.9835	29.3649
30.4	12.2396	6.2479	37.6407
30.5	5.64126	-0.0753788	30.603
30.6	1.99118	0.118018	23.3979
30.7	1.2004	1.02974	17.9836
30.8	1.59233	2.42482	13.9706
30.9	3.11906	5.50825	11.4964
31	6.91107	12.4279	12.7361
31.1	13.7071	20.1237	25.8727
31.2	13.5935	7.98028	39.5035
31.3	6.13633	-1.14421	32.3086
31.4	1.29377	-1.35526	24.3469
31.5	-0.17272	-1.12893	18.6067
31.6	-0.888301	-1.72161	14.3237
31.7	-1.98949	-3.63705	11.306
31.8	-4.57344	-8.50602	10.3813
31.9	-10.3903	-17.9609	16.9051
32	-15.8323	-16.3935	36.6056
32.1	-9.95158	-0.335173	36.8303
32.2	-2.39405	2.29254	27.4538
32.3	0.353655	2.02756	20.9014
32.4	1.56747	2.88953	16.2344
32.5	3.24704	5.68519	13.3349
32.6	6.85461	11.9802	14.1317
32.7	13.0371	18.9478	25.4635
32.8	13.5461	9.09554	38.3247
32.9	6.90076	-0.0565381	32.5666
33	2.12871	-0.493975	24.7614
33.1	0.799945	0.186577	18.9411
33.2	0.694642	0.847138	14.5356
33.3	1.19941	2.05046	11.2475
33.4	2.67512	4.99694	9.19691
33.5	6.46939	12.1697	10.4548
33.6	13.9699	21.5766	24.5329
33.7	14.0934	7.94657	40.9214
33.8	5.81828	-2.27019	32.7729
33.9	0.472112	-2.49948	24.5369
34	-1.34348	-2.81008	18.9416
34.1	-2.83739	-4.8429	15.2169
34.2	-5.6829	-9.75866	14.3746
34.3	-11.0348	-17.1657	21.3624
34.4	-14.2695	-13.3454	35.8926
34.5	-9.20212	-1.91132	34.7585
34.6	-3.47867	0.102935	26.8626
34.7	-1.54115	-0.713922	20.6163
34.8	-1.48032	-1.90354	15.9442
34.9	-2.5231	-4.23071	12.7291
35	-5.32344	-9.5207	12.0814
35.1	-11.2136	-18.301	19.8023
35.2	-15.0787	-13.9924	37.2459
35.3	-9.0982	-0.564155	35.4015
35.4	-2.5934	1.33967	26.7259
35.5	-0.37332	0.857185	20.3515
35.6	0.322455	0.914703	15.5918
35.7	0.904494	1.70751	12.0145
35.8	2.10019	3.94764	9.56826
35.9	5.08975	9.67465	9.44359
36	11.7768	20.0327	18.7496
36.1	15.7914	13.6244	39.4265
36.2	8.44569	-1.33023	35.451
36.3	1.36663	-2.71293	26.2571
36.4	-1.04627	-2.71848	20.1443
36.5	-2.50407	-4.31228	15.9929
36.6	-4.96825	-8.50791	14.3411
36.7	-9.80925	-15.8158	19.1161
36.8	-14.336	-15.5861	33.6272
36.9	-10.4959	-3.40658	36.0554
37	-4.29423	0.0646364	28.2921
37.1	-1.77062	-0.607349	21.7076
37.2	-1.492	-1.75477	16.773
37.3	-2.37605	-3.87863	13.3028
37.4	-4.88154	-8.66458	12.1504
37.5	-10.3394	-17.2374	18.2379
37.6	-15.1846	-15.7423	35.6433
37.7	-10.0274	-1.50235	36.3662
37.8	-3.12931	1.30374	27.6113
37.9	-0.575229	0.800022	21.0017
38	0.159471	0.713873	16.0775
38.1	0.624355	1.2252	12.3496
38.2	1.4737	2.77816	9.64047
38.3	3.5914	6.90173	8.4365
38.4	8.83418	16.2968	12.8431
38.5	16.2756	20.189	33.5241
38.6	11.4031	0.915861	39.335
38.7	2.4823	-3.46199	28.9635
38.8	-1.11023	-3.34707	22.1167
38.9	-2.84584	-4.79636	17.6799
39	-5.3344	-8.79685	15.9812
39.1	-9.85766	-15.2486	20.5315
39.2	-13.7014	-14.6061	33.079
39.3	-10.3254	-4.16869	35.2037
39.4	-4.83703	-0.879891	28.2408
39.5	-2.57478	-1.66583	21.9678
39.6	-2.64855	-3.45905	17.3648
39.7	-4.35021	-7.02568	14.8644
39.8	-8.33057	-13.6505	17.2027
39.9	-13.6219	-17.2209	29.6629
40	-11.9839	-6.34067	36.9802
40.1	-5.8039	-0.451716	30.3732
40.2	-2.39348	-0.689398	23.3922
40.3	-1.79369	-1.90185	18.1215
40.4	-2.609	-4.08128	14.4281
40.5	-5.0861	-8.80032	13.1881
40.6	-10.3378	-16.84	19.0758
40.7	-14.7949	-15.2623	35.161
40.8	-10.0126	-2.1094	35.9936
40.9	-3.52495	0.722246	27.6541
41	-1.10455	0.0949963	21.0963
41.1	-0.64274	-0.527713	16.1687
41.2	-0.885492	-1.38753	12.443
41.3	-1.83391	-3.34333	9.80307
41.4	-4.3586	-8.27669	9.05372
41.5	-10.35	-18.3484	15.7545
41.6	-16.31	-17.0057	37.1556
41.7	-9.9539	0.498085	37.1874
41.8	-1.87445	3.03354	27.4031
41.9	1.04348	2.95658	20.9772
42	2.61444	4.47757	16.6868
42.1	5.07979	8.57747	14.9786
42.2	9.7858	15.5524	19.5942
42.3	14.0866	15.2779	33.3235
42.4	10.4806	3.77539	35.7775
42.5	4.54153	0.303128	28.3339
42.6	2.09191	1.01316	21.8416
42.7	1.94423	2.42155	17.0008
42.8	3.16136	5.15903	13.8379
42.9	6.35461	10.9883	13.9445
43	12.2693	18.4736	23.5325
43.1	14.0183	10.9443	37.7026
43.2	7.84681	0.54074	33.5453
43.3	2.58694	-0.424798	25.5855
43.4	1.02246	0.320116	19.5794
43.5	0.919021	1.14449	15.0495
43.6	1.58103	2.68739	11.727
43.7	3.46857	6.40445	9.96412
43.8	8.09964	14.7193	13.0154
43.9	15.3049	20.3694	30.5323
44	12.2484	3.66635	39.6564
44.1	3.93515	-2.4129	30.1877
44.2	0.0130192	-2.20432	22.8154
44.3	-1.42185	-2.75634	17.6575
44.4	-2.94289	-5.07929	14.2755
44.5	-6.05579	-10.5246	14.005
44.6	-11.808	-18.0748	22.6106
44.7	-14.1882	-11.9155	37.1628
44.8	-8.36367	-0.964629	34.0469
44.9	-2.87765	0.354307	26.051
45	-1.1736	-0.419519	19.9461
45.1	-1.07396	-1.34986	15.3525
45.2	-1.84059	-3.11524	12.0314
45.3	-3.99261	-7.31024	10.5194
45.4	-9.08188	-16.0698	14.8621
45.5	-15.6044	-18.753	33.3573
45.6	-11.2789	-2.14373	38.3616
45.7	-3.29916	2.21678	28.9145
45.8	0.0137695	1.91221	21.9229
45.9	1.25979	2.46601	16.9353
46	2.67018	4.67926	13.5869
46.1	5.65007	9.99984	13.0689
46.2	11.482	18.1902	21.1613
46.3	14.6438	13.0067	37.1877
46.4	8.77091	0.815291	34.7651
46.5	2.76889	-0.82846	26.4361
46.6	0.795241	-0.201583	20.1718
46.7	0.398081	0.24576	15.4487
46.8	0.504149	0.765619	11.8504
46.9	1.04254	1.91098	9.16386
47	2.53426	4.90629	7.53859
47.1	6.48747	12.5187	9.18225
47.2	14.5453	22.6473	24.8884
47.3	13.9584	6.66013	41.91
47.4	5.00337	-3.21124	32.505
47.5	-0.310762	-3.308	24.3924
47.6	-2.27292	-4.0602	19.1577
47.7	-4.28422	-7.02477	16.2729
47.8	-8.00725	-12.8859	17.9098
47.9	-12.9327	-16.5992	28.5323
48	-12.1223	-7.59239	36.2602
48.1	-6.57967	-1.34668	30.8566
48.2	-3.11219	-1.34779	24.0765
48.3	-2.54429	-2.83294	18.9031
48.4	-3.6925	-5.68051	15.5956
48.5	-6.84214	-11.2977	15.8548
48.6	-12.1895	-17.4072	24.9771
48.7	-13.3311	-10.2803	36.644
48.8	-7.79351	-1.42385	32.8085
48.9	-3.20049	-0.583547	25.4394
49	-1.9735	-1.68785	19.6995
49.1	-2.47259	-3.61243	15.5714
49.2	-4.52209	-7.65144	13.6157
49.3	-9.10814	-15.1198	17.3689
49.4	-14.4472	-17.058	32.1893
49.5	-11.2629	-4.14602	37.0626
49.6	-4.59627	0.410032	29.1827
49.7	-1.58081	-0.0853853	22.2865
49.8	-1.00394	-0.921322	17.1139
49.9	-1.40928	-2.20749	13.2622
50	-2.85467	-5.1218	10.8232
50.1	-6.50079	-11.8936	11.7551
50.2	-13.4648	-20.526	24.4189
50.3	-14.0749	-8.88923	39.8994
50.4	-6.46921	1.36069	32.9421
50.5	-1.18365	1.74031	24.7302
50.6	0.487445	1.64049	18.9208
50.7	1.45194	2.64427	14.6825
50.8	3.09772	5.55257	12.0546
50.9	6.83511	12.228	13.1022
51	13.4523	19.7793	25.5692
51.1	13.6444	8.47988	39.1637
51.2	6.44037	-0.80549	32.476
51.3	1.56455	-1.10582	24.5203
51.4	0.125031	-0.732425	18.7262
51.5	-0.405065	-0.936503	14.357
51.6	-1.01446	-1.90247	11.0852
51.7	-2.39436	-4.54514	8.96263
51.8	-5.89212	-11.2128	9.69375
51.9	-13.2529	-21.4286	22.1518
52	-14.8423	-9.95366	40.8687
52.1	-6.71538	2.12474	33.7852
52.2	-0.695621	2.66949	25.1744
52.3	1.33609	2.90004	19.4171
52.4	2.86147	4.86598	15.5975
52.5	5.66618	9.66493	14.6572
52.6	10.8992	16.9055	21.3354
52.7	14.1857	13.4747	35.5455
52.8	9.33158	2.1981	34.7857
52.9	3.66002	0.0596945	27.0052
53	1.71021	0.904012	20.7645
53.1	1.70661	2.23563	16.115
53.2	2.92056	4.88501	13.0389
53.3	6.08113	10.7247	13.0398
53.4	12.1949	18.8599	22.6076
53.5	14.3782	11.4678	38.0862
53.6	7.97377	0.192354	33.9702
53.7	2.35197	-0.882841	25.7431
53.8	0.606796	-0.300212	19.6473
53.9	0.215932	0.00479819	15.0425
54	0.18717	0.224735	11.523
54.1	0.347248	0.618184	8.83515
54.2	0.83864	1.63091	6.82365
54.3	2.21759	4.44856	5.62148
54.4	6.04824	12.0459	7.24451
54.5	14.5423	23.7076	23.184
54.6	14.3955	6.9132	43.0282
54.7	4.88002	-4.02048	33.0283
54.8	-0.877311	-4.14762	24.8177
54.9	-3.07744	-5.14284	19.8876
55	-5.42261	-8.5377	17.7975
55.1	-9.34525	-13.9716	21.146
55.2	-12.8918	-14.2615	31.3618
55.3	-10.626	-5.75367	34.5733
55.4	-5.84348	-2.02451	28.8705
55.5	-3.56592	-2.67153	22.9523
55.6	-3.75549	-4.83906	18.7085
55.7	-5.84393	-8.98037	17.1898
55.8	-9.99945	-14.8074	21.7204
55.9	-13.2084	-13.7068	32.7742
56	-10.0821	-4.59847	34.4033
56.1	-5.18229	-1.62495	28.0558
56.2	-3.19079	-2.50961	22.1436
56.3	-3.53671	-4.73075	17.9617
56.4	-5.74005	-9.02842	16.5109
56.5	-10.1274	-15.2387	21.3969
56.6	-13.4921	-13.894	33.2985
56.7	-10.0247	-4.10857	34.6685
56.8	-4.85803	-1.20517	27.9152
56.9	-2.82371	-2.09257	21.8499
57	-3.08436	-4.13377	17.4858
57.1	-5.09892	-8.17394	15.5543
57.2	-9.42858	-14.832	19.4299
57.3	-13.782	-15.5056	32.2208
57.4	-10.8324	-4.68834	35.8044
57.5	-5.07068	-0.704533	28.848
57.6	-2.48217	-1.34258	22.3603
57.7	-2.34974	-2.93223	17.536
57.8	-3.75992	-6.04709	14.5934
57.9	-7.30254	-12.2579	15.6235
58	-12.9853	-18.0296	26.6255
58.1	-13.0218	-8.60285	37.4716
58.2	-6.84811	-0.574877	31.9721
58.3	-2.57161	-0.262447	24.5561
58.4	-1.52692	-1.26929	18.9186
58.5	-1.93887	-2.87673	14.783
58.6	-3.6623	-6.33983	12.4242
58.7	-7.795	-13.5945	14.5482
58.8	-14.1849	-19.1734	28.7487
58.9	-12.6266	-6.12517	38.6702
59	-5.39242	0.887699	30.9661
59.1	-1.37325	0.762739	23.4715
59.2	-0.281322	0.333942	17.9423
59.3	0.0174825	0.254119	13.7398
59.4	0.19578	0.426535	10.5274
59.5	0.512263	1.00385	8.08526
59.6	1.32583	2.63261	6.33537
59.7	3.57311	7.18258	5.87888
59.8	9.49721	18.0406	11.8088
59.9	17.3987	20.0455	36.6686
60	10.559	-2.22126	38.8456
60.1	0.752337	-5.07965	27.9026
60.2	-2.79915	-5.34971	22.0282
60.3	-5.11077	-7.8872	19.2139
60.4	-8.46894	-12.5063	20.9315
60.5	-12.0486	-14.3082	29.0603
60.6	-11.2006	-7.74224	34.0805
60.7	-7.03208	-3.07915	30.0201
60.8	-4.40829	-3.15988	24.3745
60.9	-4.31062	-5.18696	20.1648
61	-6.17884	-9.0221	18.66
61.1	-9.85881	-14.002	22.6638
61.2	-12.5841	-13.0296	31.9272
61.3	-10.0161	-5.41139	33.6138
61.4	-5.76105	-2.54553	28.1383
61.5	-3.95972	-3.42487	22.6887
61.6	-4.48221	-5.92922	19.0244
61.7	-6.94637	-10.4233	18.6484
61.8	-11.0247	-15.0394	24.8568
61.9	-12.5368	-11.1264	33.8673
62	-8.76489	-3.79704	32.5741
62.1	-4.82992	-2.33836	26.5033
62.2	-3.69654	-3.68803	21.3179
62.3	-4.68981	-6.60638	18.1472
62.4	-7.66136	-11.6629	18.8678
62.5	-11.9283	-15.5145	26.9679
62.6	-12.1856	-9.25496	34.8819
62.7	-7.67431	-2.77325	31.4788
62.8	-4.16956	-2.23346	25.2041
62.9	-3.50526	-3.85378	20.2381
63	-4.82814	-7.0941	17.4363
63.1	-8.19117	-12.5959	19.0365
63.2	-12.543	-15.6852	28.5519
63.3	-11.8354	-7.85559	35.3646
63.4	-6.87655	-2.10861	30.6631
63.5	-3.68479	-2.0777	24.2932
63.6	-3.2805	-3.81073	19.4286
63.7	-4.76544	-7.20651	16.7658
63.8	-8.35524	-13.0435	18.7417
63.9	-12.8969	-15.9929	29.1679
64	-11.7739	-7.23094	35.7714
64.1	-6.47889	-1.63117	30.4113
64.2	-3.31636	-1.76505	23.8858
64.3	-2.93722	-3.43769	18.9423
64.4	-4.35488	-6.69919	16.0758
64.5	-7.893	-12.6602	17.5508
64.6	-12.8882	-16.785	28.0843
64.7	-12.2984	-7.89614	36.3853
64.8	-6.71253	-1.31493	31.1072
64.9	-3.09691	-1.22488	24.2395
65	-2.44201	-2.64739	18.9819
65.1	-3.49128	-5.34921	15.534
65.2	-6.48301	-10.7734	15.4017
65.3	-11.8334	-17.3749	23.8181
65.4	-13.6481	-11.2523	36.4685
65.5	-8.25207	-1.59008	33.4272
65.6	-3.31018	-0.402429	25.9084
65.7	-1.86855	-1.41989	20.0111
65.8	-2.20152	-3.13265	15.7029
65.9	-3.96543	-6.70543	13.3221
66	-8.123	-13.8309	15.6947
66.1	-14.0817	-18.3593	29.5236
66.2	-12.2698	-5.91047	37.9826
66.3	-5.4057	0.432793	30.5578
66.4	-1.70106	0.219586	23.276
66.5	-0.825775	-0.498666	17.8346
66.6	-0.958617	-1.38419	13.7261
66.7	-1.84149	-3.25971	10.7877
66.8	-4.21226	-7.87631	9.71002
66.9	-9.81558	-17.3833	15.378
67	-16.0659	-17.8362	35.6286
67.1	-10.5186	-0.51943	37.7065
67.2	-2.44012	2.6963	27.9827
67.3	0.610581	2.49167	21.3142
67.4	2.02263	3.5916	16.6999
67.5	4.0373	6.93088	14.1832
67.6	8.16242	13.7099	16.4592
67.7	13.8074	17.7966	29.4913
67.8	12.1639	6.23834	37.4818
67.9	5.66327	0.0433785	30.5298
68	2.07948	0.252481	23.3787
68.1	1.33781	1.23562	17.9966
68.2	1.83279	2.82181	14.0479
68.3	3.59906	6.33724	11.8223
68.4	7.84503	13.8332	14.1403
68.5	14.4433	19.5054	29.0864
68.6	12.5752	5.61185	38.9659
68.7	5.07531	-1.25494	30.8165
68.8	1.06086	-1.0935	23.3099
68.9	-0.103717	-0.876269	17.8244
69	-0.675011	-1.34581	13.694
69.1	-1.56113	-2.89505	10.6947
69.2	-3.68061	-6.96121	9.30286
69.3	-8.79766	-16.0063	13.4785
69.4	-15.9439	-19.8116	33.0527
69.5	-11.4967	-1.68881	39.1137
69.6	-2.94348	2.927	29.1201
69.7	0.605623	2.72954	22.1266
69.8	2.14483	3.78384	17.3703
69.9	4.19257	7.09728	14.813
70	8.26667	13.6705	17.1065
70.1	13.6334	17.3136	29.6183
70.2	12.0176	6.35042	37.0585
70.3	5.79479	0.397034	30.4133
70.4	2.35209	0.625326	23.4031
70.5	1.72859	1.80457	18.111
70.6	2.4968	3.89952	14.3726
70.7	4.87516	8.46035	12.9701
70.8	10.0218	16.5352	18.3464
70.9	14.872	15.9433	34.6096
71	10.3461	2.38148	36.4195
71.1	3.65199	-0.837823	28.0047
71.2	1.05587	-0.256423	21.3397
71.3	0.497158	0.272197	16.3416
71.4	0.587495	0.861528	12.5403
71.5	1.17275	2.11905	9.71545
71.6	2.79208	5.35329	8.07344
71.7	7.00476	13.3293	10.1693
71.8	14.9943	22.2758	26.9764
71.9	13.3335	5.23856	41.4419
72	4.40887	-3.165	31.6786
72.1	-0.400502	-3.13611	23.8647
72.2	-2.22849	-3.95903	18.7363
72.3	-4.2307	-6.99115	15.9044
72.4	-8.01857	-13.0098	17.6314
72.5	-13.0773	-16.828	28.6462
72.6	-12.1562	-7.40625	36.4971
72.7	-6.44165	-1.11636	30.8326
72.8	-2.93548	-1.15344	23.9643
72.9	-2.33759	-2.5648	18.7349
73	-3.38819	-5.23316	15.2862
73.1	-6.36599	-10.6573	15.0821
73.2	-11.7874	-17.4985	23.4521
73.3	-13.7878	-11.4972	36.5706
73.4	-8.33091	-1.49653	33.6225
73.5	-3.24335	-0.23696	25.9929
73.6	-1.72492	-1.19909	20.0308
73.7	-1.95804	-2.74473	15.6343
73.8	-3.51099	-5.95359	12.9865
73.9	-7.31337	-12.7046	14.3789
74	-13.578	-19.074	26.9984
74.1	-13.1181	-7.71112	38.5213
74.2	-6.2093	0.41076	31.8052
74.3	-1.81779	0.54224	24.1536
74.4	-0.637896	-0.0716073	18.4726
74.5	-0.512537	-0.589496	14.1617
74.6	-0.868984	-1.4817	10.9061
74.7	-1.95349	-3.67453	8.66268
74.8	-4.83749	-9.31967	8.53267
74.9	-11.565	-20.1305	17.5756
75	-16.1828	-14.3884	39.5921
75.1	-8.64919	1.70747	35.8587
75.2	-1.13728	3.1898	26.4149
75.3	1.45682	3.31711	20.3669
75.4	3.15277	5.28984	16.4885
75.5	6.04286	10.0737	15.7314
75.6	11.0982	16.6212	22.6122
75.7	13.7316	12.5578	35.3669
75.8	9.03053	2.47637	34.0852
75.9	3.87629	0.639406	26.7175
76	2.19728	1.64438	20.7138
76.1	2.51026	3.49341	16.3566
76.2	4.38313	7.27588	14.1152
76.3	8.6626	14.3494	17.0908
76.4	14.0787	17.3334	30.827
76.5	11.6941	5.25456	37.1831
76.6	5.18987	-0.0586791	29.8354
76.7	1.93954	0.324874	22.8495
76.8	1.33862	1.33211	17.5993
76.9	1.92083	3.01527	13.7721
77	3.83504	6.78678	11.7557
77.1	8.36031	14.6358	14.7874
77.2	14.8109	19.056	30.7587
77.3	12.0391	4.38629	38.6049
77.4	4.49485	-1.40341	30.0356
77.5	0.847062	-1.11134	22.7431
77.6	-0.225718	-0.987427	17.4028
77.7	-0.848265	-1.62651	13.3946
77.8	-1.9278	-3.56667	10.5714
77.9	-4.53759	-8.53782	9.78539
78	-10.5138	-18.3312	16.6399
78.1	-16.035	-16.3705	37.1437
78.2	-9.80899	0.167596	36.8281
78.3	-2.0903	2.61472	27.301
78.4	0.682695	2.44342	20.8336
78.5	2.05459	3.63267	16.3422
78.6	4.12412	7.11207	13.9652
78.7	8.38737	14.0882	16.6014
78.8	14.0176	17.7167	30.2021
78.9	11.9503	5.64381	37.4639
79	5.35299	-0.129361	30.1813
79.1	1.91223	0.172188	23.0811
79.2	1.20995	1.10058	17.7477
79.3	1.65914	2.5622	13.8084
79.4	3.28631	5.82263	11.4605
79.5	7.28235	13.0382	13.1462
79.6	14.0955	20.0601	27.2362
79.7	13.1794	6.86202	39.4488
79.8	5.61078	-1.30112	31.6758
79.9	1.11295	-1.32958	23.8966
80	-0.241817	-1.15857	18.2738
80.1	-0.963533	-1.83527	14.081
80.2	-2.1465	-3.92596	11.1736
80.3	-4.94272	-9.17914	10.5681
80.4	-11.0762	-18.7606	18.3081
80.5	-15.654	-14.8583	37.79
80.6	-9.23559	0.179102	35.9834
80.7	-2.10947	2.15695	26.8311
80.8	0.367957	1.90684	20.4524
80.9	1.50813	2.78161	15.8734
81	3.15275	5.55621	13.0046
81.1	6.7395	11.8716	13.7408
81.2	13.0272	19.1592	25.1005
81.3	13.6909	9.27028	38.5249
81.4	6.93751	-0.204997	32.7361
81.5	2.02769	-0.681824	24.8337
81.6	0.62362	-0.079865	18.9776
81.7	0.388953	0.344477	14.5388
81.8	0.580597	0.946124	11.161
81.9	1.26703	2.36535	8.67808
82	3.14059	6.11248	7.44466
82.1	8.0062	15.1859	10.9072
82.2	16.1483	21.8841	31.1027
82.3	12.1362	1.75104	40.7829
82.4	2.7188	-3.95184	29.9858
82.5	-1.36247	-3.86163	22.9131
82.6	-3.27192	-5.36732	18.5308
82.7	-5.88172	-9.42361	17.174
82.8	-10.2749	-15.1862	22.2437
82.9	-13.2416	-13.2572	33.3965
83	-9.76136	-4.12392	34.1719
83.1	-4.91387	-1.53859	27.6457
83.2	-3.08571	-2.5193	21.7901
83.3	-3.52142	-4.7935	17.6853
83.4	-5.81148	-9.20662	16.3678
83.5	-10.3086	-15.4919	21.6074
83.6	-13.5529	-13.6738	33.6983
83.7	-9.84817	-3.79309	34.5737
83.8	-4.67427	-1.10333	27.6852
83.9	-2.71539	-2.02941	21.6322
84	-3.00038	-4.05608	17.2782
84.1	-5.01421	-8.08971	15.3222
84.2	-9.37092	-14.8494	19.1499
84.3	-13.8599	-15.7211	32.1773
84.4	-10.9086	-4.66129	35.9768
84.5	-5.0329	-0.571966	28.92
84.6	-2.37794	-1.18647	22.3677
84.7	-2.18691	-2.68786	17.4802
84.8	-3.48095	-5.60519	14.3816
84.9	-6.82759	-11.5959	14.8916
85	-12.6073	-18.2244	25.0991
85.1	-13.5043	-9.78892	37.5471
85.2	-7.38069	-0.640748	32.7574
85.3	-2.64352	-0.000323465	25.1069
85.4	-1.35514	-0.900376	19.2875
85.5	-1.55057	-2.19906	14.9526
85.6	-2.85357	-4.92266	12.1176
85.7	-6.17755	-11.0801	12.4226
85.8	-12.6241	-19.5351	23.0313
85.9	-14.3768	-10.7055	38.8565
86	-7.48704	0.437788	33.6916
86.1	-1.9041	1.24788	25.3936
86.2	-0.172012	0.835717	19.3736
86.3	0.441382	1.03371	14.8549
86.4	1.10298	2.05656	11.4832
86.5	2.57065	4.84731	9.3407
86.6	6.23771	11.7583	10.3319
86.7	13.6254	21.4071	23.5819
86.8	14.3879	8.85964	40.7913
86.9	6.25957	-2.08651	33.199
87	0.661513	-2.45284	24.8159
87.1	-1.21487	-2.67305	19.1178
87.2	-2.64559	-4.53833	15.2623
87.3	-5.32028	-9.17808	14.0744
87.4	-10.5221	-16.7442	20.1515
87.5	-14.4536	-14.4746	35.1572
87.6	-9.76814	-2.33813	35.4366
87.7	-3.7059	0.246993	27.4433
87.8	-1.49728	-0.493092	21.0255
87.9	-1.2843	-1.53764	16.2107
88	-2.09728	-3.47101	12.7704
88.1	-4.40761	-7.93513	11.3755
88.2	-9.66943	-16.6337	16.4732
88.3	-15.4329	-17.3434	34.5158
88.4	-10.7109	-1.85584	37.388
88.5	-3.24876	1.73966	28.2986
88.6	-0.30461	1.33857	21.4815
88.7	0.689634	1.57305	16.4913
88.8	1.63412	2.95789	12.8642
88.9	3.61717	6.62696	10.9403
89	8.21156	14.666	13.9493
89.1	15.0299	19.6864	30.6096
89.2	12.1624	4.10737	39.1119
89.3	4.26161	-1.86593	30.1357
89.4	0.470365	-1.61524	22.7809
89.5	-0.773766	-1.80372	17.492
89.6	-1.8199	-3.24839	13.689
89.7	-3.91563	-7.05993	11.7649
89.8	-8.60666	-15.0349	15.1609
89.9	-14.9491	-18.7539	31.5476
90	-11.7736	-3.85139	38.3722
90.1	-4.24277	1.44818	29.6689
90.2	-0.76195	1.11009	22.4783
90.3	0.270278	1.02507	17.2053
90.4	0.911286	1.72988	13.253
90.5	2.06469	3.82016	10.508
90.6	4.86039	9.12731	9.98537
90.7	11.115	19.0293	17.9043
90.8	15.8476	14.98	38.1463
90.9	9.18307	-0.552479	36.0787
91	1.87346	-2.46518	26.784
91.1	-0.668007	-2.31067	20.4567
91.2	-1.97186	-3.49918	16.0222
91.3	-3.99959	-6.94555	13.631
91.4	-8.24651	-13.9862	16.1363
91.5	-14.0625	-18.0578	29.8918
91.6	-12.1077	-5.75018	37.7395
91.7	-5.36307	0.299724	30.363
91.8	-1.79043	0.0411796	23.1685
91.9	-0.997536	-0.770846	17.7772
92	-1.27454	-1.91744	13.739
92.1	-2.49861	-4.43555	11.0318
92.2	-5.65574	-10.4053	11.0692
92.3	-12.2407	-19.8285	21.0543
92.4	-15.0333	-12.0492	39.1587
92.5	-7.95053	0.794334	34.5425
92.6	-1.6907	1.89087	25.8365
92.7	0.359442	1.67488	19.7258
92.8	1.36559	2.52997	15.2789
92.9	2.90481	5.17867	12.4183
93	6.35502	11.3735	12.8604
93.1	12.7777	19.4517	23.7622
93.2	14.1411	10.1819	38.7835
93.3	7.2822	-0.373986	33.3606
93.4	1.93468	-1.06208	25.1982
93.5	0.314853	-0.5931	19.231
93.6	-0.178008	-0.598044	14.7288
93.7	-0.573358	-1.11724	11.3106
93.8	-1.37913	-2.63323	8.82081
93.9	-3.44819	-6.70928	7.72251
94	-8.69098	-16.2553	12.0691
94.1	-16.4692	-20.7735	33.374
94.2	-11.4835	-0.548341	39.7406
94.3	-2.22138	3.90225	29.0574
94.4	1.48793	3.84581	22.2916
94.5	3.37731	5.53877	18.1124
94.6	6.12427	9.854	17.0945
94.7	10.6771	15.603	22.9268
94.8	13.2506	12.614	34.1099
94.9	9.34283	3.56665	33.8277
95	4.59323	1.44918	27.1291
95.1	2.9642	2.53431	21.3515
95.2	3.50699	4.87435	17.3445
95.3	5.90507	9.43462	16.1978
95.4	10.5382	15.8034	21.8918
95.5	13.6132	13.3703	34.183
95.6	9.62012	3.41249	34.4367
95.7	4.45015	0.983179	27.4002
95.8	2.58274	1.94855	21.3657
95.9	2.89291	3.95072	17.0233
96	4.89828	7.96439	15.0293
96.1	9.27768	14.8421	18.7652
96.2	13.9507	16.0199	32.0697
96.3	11.0234	4.6595	36.2098
96.4	5.00117	0.407313	29.0359
96.5	2.25115	0.98706	22.3994
96.6	1.98068	2.37336	17.4331
96.7	3.11968	5.02278	14.1464
96.8	6.18305	10.6436	14.004
96.9	11.9566	18.1788	22.9065
97	14.1307	11.6092	37.3169
97.1	8.20686	0.848452	33.8808
97.2	2.80053	-0.355623	25.9048
97.3	1.14697	0.418072	19.8343
97.4	1.05963	1.34051	15.2651
97.5	1.82633	3.09854	11.9603
97.6	3.97389	7.28648	10.4524
97.7	9.06279	16.0618	14.7799
97.8	15.6226	18.8173	33.3318
97.9	11.2956	2.12638	38.4073
98	3.28347	-2.25507	28.9306
98.1	-0.0447692	-1.95671	21.9357
98.2	-1.30758	-2.53835	16.9567
98.3	-2.75489	-4.81791	13.6425
98.4	-5.80923	-10.2496	13.2648
98.5	-11.6844	-18.3033	21.735
98.6	-14.5049	-12.4921	37.3695
98.7	-8.53793	-0.726875	34.4669
98.8	-2.71468	0.73517	26.2247
98.9	-0.843298	0.0829734	20.0233
99	-0.513361	-0.445108	15.343
99.1	-0.741709	-1.18906	11.7931
99.2	-1.5801	-2.91707	9.23464
99.3	-3.83712	-7.37746	8.26744
99.4	-9.42999	-17.2574	13.6056
99.5	-16.5285	-19.21	35.3178
99.6	-10.8195	0.101587	38.556
99.7	-2	3.56929	28.2408
99.8	1.34753	3.52205	21.6611
99.9	3.12933	5.21633	17.4795
