0.000999 	 0.000999 	 0.000999 	 -4.184122
0.001998 	 0.001998 	 0.001998 	 -4.184343
0.002997 	 0.002997 	 0.002997 	 -4.184563
0.003996 	 0.003996 	 0.003996 	 -4.184783
0.004995 	 0.004995 	 0.004995 	 -4.185004
0.005994 	 0.005994 	 0.005994 	 -4.185224
0.006993 	 0.006993 	 0.006993 	 -4.185444
0.007992 	 0.007992 	 0.007992 	 -4.185664
0.008991 	 0.008991 	 0.008991 	 -4.185884
0.009990 	 0.009990 	 0.009990 	 -4.186104
0.010989 	 0.010988 	 0.010988 	 -4.186324
0.011988 	 0.011987 	 0.011987 	 -4.186544
0.012987 	 0.012986 	 0.012986 	 -4.186764
0.013986 	 0.013985 	 0.013985 	 -4.186983
0.014985 	 0.014983 	 0.014983 	 -4.187203
0.015984 	 0.015982 	 0.015982 	 -4.187423
0.016983 	 0.016981 	 0.016981 	 -4.187643
0.017982 	 0.017979 	 0.017979 	 -4.187862
0.018981 	 0.018978 	 0.018978 	 -4.188082
0.019980 	 0.019976 	 0.019976 	 -4.188301
0.020979 	 0.020974 	 0.020974 	 -4.188521
0.021978 	 0.021973 	 0.021973 	 -4.188740
0.022977 	 0.022971 	 0.022971 	 -4.188960
0.023976 	 0.023969 	 0.023969 	 -4.189179
0.024975 	 0.024967 	 0.024967 	 -4.189398
0.025974 	 0.025965 	 0.025965 	 -4.189617
0.026973 	 0.026963 	 0.026963 	 -4.189837
0.027972 	 0.027961 	 0.027961 	 -4.190056
0.028971 	 0.028959 	 0.028959 	 -4.190275
0.029970 	 0.029956 	 0.029956 	 -4.190494
0.030969 	 0.030954 	 0.030954 	 -4.190713
0.031968 	 0.031951 	 0.031951 	 -4.190932
0.032967 	 0.032949 	 0.032949 	 -4.191151
0.033966 	 0.033946 	 0.033946 	 -4.191370
0.034965 	 0.034943 	 0.034943 	 -4.191589
0.035964 	 0.035940 	 0.035940 	 -4.191807
0.036963 	 0.036937 	 0.036937 	 -4.192026
0.037962 	 0.037934 	 0.037934 	 -4.192245
0.038961 	 0.038931 	 0.038931 	 -4.192463
0.039960 	 0.039927 	 0.039927 	 -4.192682
0.040959 	 0.040924 	 0.040924 	 -4.192901
0.041958 	 0.041920 	 0.041920 	 -4.193119
0.042957 	 0.042916 	 0.042916 	 -4.193338
0.043956 	 0.043912 	 0.043912 	 -4.193556
0.044955 	 0.044908 	 0.044908 	 -4.193774
0.045954 	 0.045904 	 0.045904 	 -4.193993
0.046953 	 0.046900 	 0.046900 	 -4.194211
0.047952 	 0.047895 	 0.047895 	 -4.194429
0.048951 	 0.048890 	 0.048890 	 -4.194647
0.049950 	 0.049886 	 0.049886 	 -4.194865
0.050949 	 0.050881 	 0.050881 	 -4.195083
0.051948 	 0.051875 	 0.051875 	 -4.195302
0.052947 	 0.052870 	 0.052870 	 -4.195520
0.053946 	 0.053865 	 0.053865 	 -4.195737
0.054945 	 0.054859 	 0.054859 	 -4.195955
0.055944 	 0.055853 	 0.055853 	 -4.196173
0.056943 	 0.056847 	 0.056847 	 -4.196391
0.057942 	 0.057841 	 0.057841 	 -4.196609
0.058941 	 0.058835 	 0.058835 	 -4.196826
0.059940 	 0.059828 	 0.059828 	 -4.197044
0.060939 	 0.060821 	 0.060821 	 -4.197262
0.061938 	 0.061814 	 0.061814 	 -4.197479
0.062937 	 0.062807 	 0.062807 	 -4.197697
0.063936 	 0.063800 	 0.063800 	 -4.197914
0.064935 	 0.064792 	 0.064792 	 -4.198132
0.065934 	 0.065784 	 0.065784 	 -4.198349
0.066933 	 0.066776 	 0.066776 	 -4.198567
0.067932 	 0.067768 	 0.067768 	 -4.198784
0.068931 	 0.068760 	 0.068760 	 -4.199001
0.069930 	 0.069751 	 0.069751 	 -4.199218
0.070929 	 0.070742 	 0.070742 	 -4.199435
0.071928 	 0.071733 	 0.071733 	 -4.199653
0.072927 	 0.072723 	 0.072723 	 -4.199870
0.073926 	 0.073714 	 0.073714 	 -4.200087
0.074925 	 0.074704 	 0.074704 	 -4.200304
0.075924 	 0.075694 	 0.075694 	 -4.200520
0.076923 	 0.076683 	 0.076683 	 -4.200737
0.077922 	 0.077673 	 0.077673 	 -4.200954
0.078921 	 0.078662 	 0.078662 	 -4.201171
0.079920 	 0.079651 	 0.079651 	 -4.201388
0.080919 	 0.080639 	 0.080639 	 -4.201604
0.081918 	 0.081628 	 0.081628 	 -4.201821
0.082917 	 0.082616 	 0.082616 	 -4.202038
0.083916 	 0.083604 	 0.083604 	 -4.202254
0.084915 	 0.084591 	 0.084591 	 -4.202471
0.085914 	 0.085578 	 0.085578 	 -4.202687
0.086913 	 0.086565 	 0.086565 	 -4.202904
0.087912 	 0.087552 	 0.087552 	 -4.203120
0.088911 	 0.088538 	 0.088538 	 -4.203336
0.089910 	 0.089524 	 0.089524 	 -4.203553
0.090909 	 0.090510 	 0.090510 	 -4.203769
0.091908 	 0.091495 	 0.091495 	 -4.203985
0.092907 	 0.092480 	 0.092480 	 -4.204201
0.093906 	 0.093465 	 0.093465 	 -4.204417
0.094905 	 0.094450 	 0.094450 	 -4.204633
0.095904 	 0.095434 	 0.095434 	 -4.204849
0.096903 	 0.096418 	 0.096418 	 -4.205065
0.097902 	 0.097401 	 0.097401 	 -4.205281
0.098901 	 0.098384 	 0.098384 	 -4.205497
0.099900 	 0.099367 	 0.099367 	 -4.205713
0.100899 	 0.100350 	 0.100350 	 -4.205928
0.101898 	 0.101332 	 0.101332 	 -4.206144
0.102897 	 0.102313 	 0.102314 	 -4.206360
0.103896 	 0.103295 	 0.103295 	 -4.206575
0.104895 	 0.104276 	 0.104276 	 -4.206791
0.105894 	 0.105257 	 0.105257 	 -4.207007
0.106893 	 0.106237 	 0.106237 	 -4.207222
0.107892 	 0.107217 	 0.107217 	 -4.207437
0.108891 	 0.108197 	 0.108197 	 -4.207653
0.109890 	 0.109176 	 0.109176 	 -4.207868
0.110889 	 0.110155 	 0.110155 	 -4.208083
0.111888 	 0.111133 	 0.111133 	 -4.208299
0.112887 	 0.112111 	 0.112111 	 -4.208514
0.113886 	 0.113089 	 0.113089 	 -4.208729
0.114885 	 0.114066 	 0.114066 	 -4.208944
0.115884 	 0.115043 	 0.115043 	 -4.209159
0.116883 	 0.116020 	 0.116020 	 -4.209374
0.117882 	 0.116996 	 0.116996 	 -4.209589
0.118881 	 0.117971 	 0.117971 	 -4.209804
0.119880 	 0.118947 	 0.118947 	 -4.210019
0.120879 	 0.119921 	 0.119921 	 -4.210234
0.121878 	 0.120896 	 0.120896 	 -4.210449
0.122877 	 0.121870 	 0.121870 	 -4.210663
0.123876 	 0.122843 	 0.122843 	 -4.210878
0.124875 	 0.123816 	 0.123817 	 -4.211093
0.125874 	 0.124789 	 0.124789 	 -4.211307
0.126873 	 0.125761 	 0.125761 	 -4.211522
0.127872 	 0.126733 	 0.126733 	 -4.211736
0.128871 	 0.127704 	 0.127704 	 -4.211951
0.129870 	 0.128675 	 0.128675 	 -4.212165
0.130869 	 0.129646 	 0.129646 	 -4.212379
0.131868 	 0.130616 	 0.130616 	 -4.212594
0.132867 	 0.131585 	 0.131585 	 -4.212808
0.133866 	 0.132554 	 0.132554 	 -4.213022
0.134865 	 0.133522 	 0.133523 	 -4.213236
0.135864 	 0.134491 	 0.134491 	 -4.213451
0.136863 	 0.135458 	 0.135458 	 -4.213665
0.137862 	 0.136425 	 0.136425 	 -4.213879
0.138861 	 0.137392 	 0.137392 	 -4.214093
0.139860 	 0.138358 	 0.138358 	 -4.214307
0.140859 	 0.139323 	 0.139323 	 -4.214520
0.141858 	 0.140288 	 0.140288 	 -4.214734
0.142857 	 0.141253 	 0.141253 	 -4.214948
0.143856 	 0.142217 	 0.142217 	 -4.215162
0.144855 	 0.143180 	 0.143180 	 -4.215376
0.145854 	 0.144143 	 0.144143 	 -4.215589
0.146853 	 0.145106 	 0.145106 	 -4.215803
0.147852 	 0.146068 	 0.146068 	 -4.216016
0.148851 	 0.147029 	 0.147029 	 -4.216230
0.149850 	 0.147990 	 0.147990 	 -4.216443
0.150849 	 0.148950 	 0.148950 	 -4.216657
0.151848 	 0.149910 	 0.149910 	 -4.216870
0.152847 	 0.150869 	 0.150869 	 -4.217084
0.153846 	 0.151827 	 0.151828 	 -4.217297
0.154845 	 0.152785 	 0.152786 	 -4.217510
0.155844 	 0.153743 	 0.153743 	 -4.217723
0.156843 	 0.154700 	 0.154700 	 -4.217936
0.157842 	 0.155656 	 0.155656 	 -4.218150
0.158841 	 0.156612 	 0.156612 	 -4.218363
0.159840 	 0.157567 	 0.157567 	 -4.218576
0.160839 	 0.158522 	 0.158522 	 -4.218789
0.161838 	 0.159476 	 0.159476 	 -4.219001
0.162837 	 0.160429 	 0.160429 	 -4.219214
0.163836 	 0.161382 	 0.161382 	 -4.219427
0.164835 	 0.162334 	 0.162334 	 -4.219640
0.165834 	 0.163285 	 0.163285 	 -4.219853
0.166833 	 0.164236 	 0.164236 	 -4.220065
0.167832 	 0.165186 	 0.165187 	 -4.220278
0.168831 	 0.166136 	 0.166136 	 -4.220491
0.169830 	 0.167085 	 0.167085 	 -4.220703
0.170829 	 0.168034 	 0.168034 	 -4.220916
0.171828 	 0.168981 	 0.168981 	 -4.221128
0.172827 	 0.169928 	 0.169928 	 -4.221340
0.173826 	 0.170875 	 0.170875 	 -4.221553
0.174825 	 0.171821 	 0.171821 	 -4.221765
0.175824 	 0.172766 	 0.172766 	 -4.221977
0.176823 	 0.173710 	 0.173710 	 -4.222189
0.177822 	 0.174654 	 0.174654 	 -4.222402
0.178821 	 0.175597 	 0.175597 	 -4.222614
0.179820 	 0.176540 	 0.176540 	 -4.222826
0.180819 	 0.177481 	 0.177481 	 -4.223038
0.181818 	 0.178422 	 0.178423 	 -4.223250
0.182817 	 0.179363 	 0.179363 	 -4.223462
0.183816 	 0.180303 	 0.180303 	 -4.223674
0.184815 	 0.181242 	 0.181242 	 -4.223885
0.185814 	 0.182180 	 0.182180 	 -4.224097
0.186813 	 0.183117 	 0.183117 	 -4.224309
0.187812 	 0.184054 	 0.184054 	 -4.224521
0.188811 	 0.184990 	 0.184990 	 -4.224732
0.189810 	 0.185926 	 0.185926 	 -4.224944
0.190809 	 0.186860 	 0.186861 	 -4.225156
0.191808 	 0.187794 	 0.187794 	 -4.225367
0.192807 	 0.188728 	 0.188728 	 -4.225578
0.193806 	 0.189660 	 0.189660 	 -4.225790
0.194805 	 0.190592 	 0.190592 	 -4.226001
0.195804 	 0.191523 	 0.191523 	 -4.226213
0.196803 	 0.192453 	 0.192453 	 -4.226424
0.197802 	 0.193382 	 0.193382 	 -4.226635
0.198801 	 0.194311 	 0.194311 	 -4.226846
0.199800 	 0.195239 	 0.195239 	 -4.227057
0.200799 	 0.196166 	 0.196166 	 -4.227268
0.201798 	 0.197092 	 0.197092 	 -4.227480
0.202797 	 0.198018 	 0.198018 	 -4.227690
0.203796 	 0.198943 	 0.198943 	 -4.227901
0.204795 	 0.199866 	 0.199867 	 -4.228112
0.205794 	 0.200790 	 0.200790 	 -4.228323
0.206793 	 0.201712 	 0.201712 	 -4.228534
0.207792 	 0.202633 	 0.202634 	 -4.228745
0.208791 	 0.203554 	 0.203554 	 -4.228955
0.209790 	 0.204474 	 0.204474 	 -4.229166
0.210789 	 0.205393 	 0.205393 	 -4.229377
0.211788 	 0.206311 	 0.206311 	 -4.229587
0.212787 	 0.207229 	 0.207229 	 -4.229798
0.213786 	 0.208145 	 0.208145 	 -4.230008
0.214785 	 0.209061 	 0.209061 	 -4.230219
0.215784 	 0.209976 	 0.209976 	 -4.230429
0.216783 	 0.210890 	 0.210890 	 -4.230639
0.217782 	 0.211803 	 0.211803 	 -4.230850
0.218781 	 0.212715 	 0.212715 	 -4.231060
0.219780 	 0.213626 	 0.213626 	 -4.231270
0.220779 	 0.214537 	 0.214537 	 -4.231480
0.221778 	 0.215446 	 0.215446 	 -4.231690
0.222777 	 0.216355 	 0.216355 	 -4.231901
0.223776 	 0.217263 	 0.217263 	 -4.232111
0.224775 	 0.218170 	 0.218170 	 -4.232320
0.225774 	 0.219076 	 0.219076 	 -4.232530
0.226773 	 0.219981 	 0.219981 	 -4.232740
0.227772 	 0.220885 	 0.220885 	 -4.232950
0.228771 	 0.221788 	 0.221788 	 -4.233160
0.229770 	 0.222691 	 0.222691 	 -4.233370
0.230769 	 0.223592 	 0.223592 	 -4.233579
0.231768 	 0.224492 	 0.224492 	 -4.233789
0.232767 	 0.225392 	 0.225392 	 -4.233998
0.233766 	 0.226290 	 0.226291 	 -4.234208
0.234765 	 0.227188 	 0.227188 	 -4.234418
0.235764 	 0.228085 	 0.228085 	 -4.234627
0.236763 	 0.228980 	 0.228981 	 -4.234836
0.237762 	 0.229875 	 0.229875 	 -4.235046
0.238761 	 0.230769 	 0.230769 	 -4.235255
0.239760 	 0.231662 	 0.231662 	 -4.235464
0.240759 	 0.232553 	 0.232554 	 -4.235673
0.241758 	 0.233444 	 0.233444 	 -4.235883
0.242757 	 0.234334 	 0.234334 	 -4.236092
0.243756 	 0.235223 	 0.235223 	 -4.236301
0.244755 	 0.236111 	 0.236111 	 -4.236510
0.245754 	 0.236997 	 0.236997 	 -4.236719
0.246753 	 0.237883 	 0.237883 	 -4.236928
0.247752 	 0.238768 	 0.238768 	 -4.237137
0.248751 	 0.239651 	 0.239652 	 -4.237345
0.249750 	 0.240534 	 0.240534 	 -4.237554
0.250749 	 0.241416 	 0.241416 	 -4.237763
0.251748 	 0.242296 	 0.242296 	 -4.237972
0.252747 	 0.243176 	 0.243176 	 -4.238180
0.253746 	 0.244054 	 0.244054 	 -4.238389
0.254745 	 0.244932 	 0.244932 	 -4.238598
0.255744 	 0.245808 	 0.245808 	 -4.238806
0.256743 	 0.246683 	 0.246683 	 -4.239014
0.257742 	 0.247558 	 0.247558 	 -4.239223
0.258741 	 0.248431 	 0.248431 	 -4.239431
0.259740 	 0.249303 	 0.249303 	 -4.239640
0.260739 	 0.250174 	 0.250174 	 -4.239848
0.261738 	 0.251043 	 0.251044 	 -4.240056
0.262737 	 0.251912 	 0.251912 	 -4.240264
0.263736 	 0.252780 	 0.252780 	 -4.240472
0.264735 	 0.253646 	 0.253646 	 -4.240680
0.265734 	 0.254512 	 0.254512 	 -4.240889
0.266733 	 0.255376 	 0.255376 	 -4.241096
0.267732 	 0.256239 	 0.256239 	 -4.241304
0.268731 	 0.257101 	 0.257101 	 -4.241512
0.269730 	 0.257962 	 0.257962 	 -4.241720
0.270729 	 0.258821 	 0.258821 	 -4.241928
0.271728 	 0.259680 	 0.259680 	 -4.242136
0.272727 	 0.260537 	 0.260537 	 -4.242343
0.273726 	 0.261393 	 0.261393 	 -4.242551
0.274725 	 0.262248 	 0.262248 	 -4.242759
0.275724 	 0.263102 	 0.263102 	 -4.242966
0.276723 	 0.263955 	 0.263955 	 -4.243174
0.277722 	 0.264806 	 0.264806 	 -4.243381
0.278721 	 0.265656 	 0.265656 	 -4.243589
0.279720 	 0.266505 	 0.266505 	 -4.243796
0.280719 	 0.267353 	 0.267353 	 -4.244003
0.281718 	 0.268200 	 0.268200 	 -4.244211
0.282717 	 0.269045 	 0.269045 	 -4.244418
0.283716 	 0.269889 	 0.269889 	 -4.244625
0.284715 	 0.270732 	 0.270732 	 -4.244832
0.285714 	 0.271574 	 0.271574 	 -4.245039
0.286713 	 0.272414 	 0.272414 	 -4.245246
0.287712 	 0.273253 	 0.273253 	 -4.245453
0.288711 	 0.274091 	 0.274091 	 -4.245660
0.289710 	 0.274928 	 0.274928 	 -4.245867
0.290709 	 0.275763 	 0.275763 	 -4.246074
0.291708 	 0.276597 	 0.276597 	 -4.246281
0.292707 	 0.277430 	 0.277430 	 -4.246488
0.293706 	 0.278262 	 0.278262 	 -4.246695
0.294705 	 0.279092 	 0.279092 	 -4.246901
0.295704 	 0.279921 	 0.279921 	 -4.247108
0.296703 	 0.280748 	 0.280749 	 -4.247314
0.297702 	 0.281575 	 0.281575 	 -4.247521
0.298701 	 0.282400 	 0.282400 	 -4.247727
0.299700 	 0.283223 	 0.283224 	 -4.247934
0.300699 	 0.284046 	 0.284046 	 -4.248140
0.301698 	 0.284867 	 0.284867 	 -4.248347
0.302697 	 0.285686 	 0.285686 	 -4.248553
0.303696 	 0.286505 	 0.286505 	 -4.248759
0.304695 	 0.287322 	 0.287322 	 -4.248965
0.305694 	 0.288137 	 0.288137 	 -4.249172
0.306693 	 0.288951 	 0.288951 	 -4.249378
0.307692 	 0.289764 	 0.289764 	 -4.249584
0.308691 	 0.290576 	 0.290576 	 -4.249790
0.309690 	 0.291386 	 0.291386 	 -4.249996
0.310689 	 0.292194 	 0.292194 	 -4.250202
0.311688 	 0.293002 	 0.293002 	 -4.250407
0.312687 	 0.293807 	 0.293808 	 -4.250613
0.313686 	 0.294612 	 0.294612 	 -4.250819
0.314685 	 0.295415 	 0.295415 	 -4.251025
0.315684 	 0.296216 	 0.296217 	 -4.251231
0.316683 	 0.297017 	 0.297017 	 -4.251436
0.317682 	 0.297815 	 0.297816 	 -4.251642
0.318681 	 0.298613 	 0.298613 	 -4.251847
0.319680 	 0.299408 	 0.299409 	 -4.252053
0.320679 	 0.300203 	 0.300203 	 -4.252258
0.321678 	 0.300996 	 0.300996 	 -4.252464
0.322677 	 0.301787 	 0.301787 	 -4.252669
0.323676 	 0.302577 	 0.302577 	 -4.252874
0.324675 	 0.303366 	 0.303366 	 -4.253080
0.325674 	 0.304153 	 0.304153 	 -4.253285
0.326673 	 0.304938 	 0.304938 	 -4.253490
0.327672 	 0.305722 	 0.305722 	 -4.253695
0.328671 	 0.306505 	 0.306505 	 -4.253900
0.329670 	 0.307286 	 0.307286 	 -4.254105
0.330669 	 0.308065 	 0.308065 	 -4.254310
0.331668 	 0.308843 	 0.308843 	 -4.254515
0.332667 	 0.309619 	 0.309619 	 -4.254720
0.333666 	 0.310394 	 0.310394 	 -4.254925
0.334665 	 0.311167 	 0.311167 	 -4.255130
0.335664 	 0.311939 	 0.311939 	 -4.255334
0.336663 	 0.312709 	 0.312709 	 -4.255539
0.337662 	 0.313478 	 0.313478 	 -4.255744
0.338661 	 0.314245 	 0.314245 	 -4.255948
0.339660 	 0.315010 	 0.315010 	 -4.256153
0.340659 	 0.315774 	 0.315774 	 -4.256357
0.341658 	 0.316536 	 0.316536 	 -4.256562
0.342657 	 0.317297 	 0.317297 	 -4.256766
0.343656 	 0.318056 	 0.318056 	 -4.256971
0.344655 	 0.318813 	 0.318813 	 -4.257175
0.345654 	 0.319569 	 0.319569 	 -4.257379
0.346653 	 0.320323 	 0.320323 	 -4.257584
0.347652 	 0.321076 	 0.321076 	 -4.257788
0.348651 	 0.321827 	 0.321827 	 -4.257992
0.349650 	 0.322576 	 0.322576 	 -4.258196
0.350649 	 0.323323 	 0.323324 	 -4.258400
0.351648 	 0.324069 	 0.324069 	 -4.258604
0.352647 	 0.324814 	 0.324814 	 -4.258808
0.353646 	 0.325556 	 0.325556 	 -4.259012
0.354645 	 0.326297 	 0.326297 	 -4.259216
0.355644 	 0.327036 	 0.327036 	 -4.259420
0.356643 	 0.327774 	 0.327774 	 -4.259623
0.357642 	 0.328509 	 0.328510 	 -4.259827
0.358641 	 0.329243 	 0.329244 	 -4.260031
0.359640 	 0.329976 	 0.329976 	 -4.260234
0.360639 	 0.330706 	 0.330706 	 -4.260438
0.361638 	 0.331435 	 0.331435 	 -4.260641
0.362637 	 0.332162 	 0.332162 	 -4.260845
0.363636 	 0.332888 	 0.332888 	 -4.261048
0.364635 	 0.333611 	 0.333611 	 -4.261252
0.365634 	 0.334333 	 0.334333 	 -4.261455
0.366633 	 0.335053 	 0.335053 	 -4.261658
0.367632 	 0.335772 	 0.335772 	 -4.261862
0.368631 	 0.336488 	 0.336488 	 -4.262065
0.369630 	 0.337203 	 0.337203 	 -4.262268
0.370629 	 0.337916 	 0.337916 	 -4.262471
0.371628 	 0.338627 	 0.338627 	 -4.262674
0.372627 	 0.339336 	 0.339336 	 -4.262877
0.373626 	 0.340044 	 0.340044 	 -4.263080
0.374625 	 0.340749 	 0.340749 	 -4.263283
0.375624 	 0.341453 	 0.341453 	 -4.263486
0.376623 	 0.342155 	 0.342155 	 -4.263689
0.377622 	 0.342855 	 0.342855 	 -4.263891
0.378621 	 0.343554 	 0.343554 	 -4.264094
0.379620 	 0.344250 	 0.344250 	 -4.264297
0.380619 	 0.344944 	 0.344945 	 -4.264499
0.381618 	 0.345637 	 0.345637 	 -4.264702
0.382617 	 0.346328 	 0.346328 	 -4.264905
0.383616 	 0.347017 	 0.347017 	 -4.265107
0.384615 	 0.347704 	 0.347704 	 -4.265309
0.385614 	 0.348389 	 0.348389 	 -4.265512
0.386613 	 0.349072 	 0.349072 	 -4.265714
0.387612 	 0.349753 	 0.349753 	 -4.265917
0.388611 	 0.350433 	 0.350433 	 -4.266119
0.389610 	 0.351110 	 0.351110 	 -4.266321
0.390609 	 0.351785 	 0.351786 	 -4.266523
0.391608 	 0.352459 	 0.352459 	 -4.266725
0.392607 	 0.353130 	 0.353130 	 -4.266927
0.393606 	 0.353800 	 0.353800 	 -4.267129
0.394605 	 0.354467 	 0.354468 	 -4.267331
0.395604 	 0.355133 	 0.355133 	 -4.267533
0.396603 	 0.355797 	 0.355797 	 -4.267735
0.397602 	 0.356458 	 0.356458 	 -4.267937
0.398601 	 0.357118 	 0.357118 	 -4.268139
0.399600 	 0.357775 	 0.357775 	 -4.268340
0.400599 	 0.358431 	 0.358431 	 -4.268542
0.401598 	 0.359084 	 0.359085 	 -4.268744
0.402597 	 0.359736 	 0.359736 	 -4.268945
0.403596 	 0.360385 	 0.360385 	 -4.269147
0.404595 	 0.361033 	 0.361033 	 -4.269348
0.405594 	 0.361678 	 0.361678 	 -4.269550
0.406593 	 0.362321 	 0.362321 	 -4.269751
0.407592 	 0.362962 	 0.362963 	 -4.269953
0.408591 	 0.363601 	 0.363602 	 -4.270154
0.409590 	 0.364238 	 0.364239 	 -4.270355
0.410589 	 0.364873 	 0.364874 	 -4.270556
0.411588 	 0.365506 	 0.365506 	 -4.270758
0.412587 	 0.366137 	 0.366137 	 -4.270959
0.413586 	 0.366765 	 0.366766 	 -4.271160
0.414585 	 0.367392 	 0.367392 	 -4.271361
0.415584 	 0.368016 	 0.368016 	 -4.271562
0.416583 	 0.368638 	 0.368638 	 -4.271763
0.417582 	 0.369258 	 0.369258 	 -4.271964
0.418581 	 0.369876 	 0.369876 	 -4.272164
0.419580 	 0.370492 	 0.370492 	 -4.272365
0.420579 	 0.371105 	 0.371105 	 -4.272566
0.421578 	 0.371716 	 0.371717 	 -4.272767
0.422577 	 0.372326 	 0.372326 	 -4.272967
0.423576 	 0.372932 	 0.372933 	 -4.273168
0.424575 	 0.373537 	 0.373537 	 -4.273369
0.425574 	 0.374140 	 0.374140 	 -4.273569
0.426573 	 0.374740 	 0.374740 	 -4.273770
0.427572 	 0.375338 	 0.375338 	 -4.273970
0.428571 	 0.375934 	 0.375934 	 -4.274170
0.429570 	 0.376527 	 0.376527 	 -4.274371
0.430569 	 0.377118 	 0.377119 	 -4.274571
0.431568 	 0.377707 	 0.377708 	 -4.274771
0.432567 	 0.378294 	 0.378294 	 -4.274971
0.433566 	 0.378878 	 0.378879 	 -4.275171
0.434565 	 0.379461 	 0.379461 	 -4.275372
0.435564 	 0.380040 	 0.380041 	 -4.275572
0.436563 	 0.380618 	 0.380618 	 -4.275772
0.437562 	 0.381193 	 0.381193 	 -4.275972
0.438561 	 0.381766 	 0.381766 	 -4.276171
0.439560 	 0.382337 	 0.382337 	 -4.276371
0.440559 	 0.382905 	 0.382905 	 -4.276571
0.441558 	 0.383471 	 0.383471 	 -4.276771
0.442557 	 0.384034 	 0.384034 	 -4.276971
0.443556 	 0.384595 	 0.384595 	 -4.277170
0.444555 	 0.385154 	 0.385154 	 -4.277370
0.445554 	 0.385710 	 0.385711 	 -4.277569
0.446553 	 0.386264 	 0.386265 	 -4.277769
0.447552 	 0.386816 	 0.386816 	 -4.277968
0.448551 	 0.387365 	 0.387365 	 -4.278168
0.449550 	 0.387912 	 0.387912 	 -4.278367
0.450549 	 0.388456 	 0.388456 	 -4.278567
0.451548 	 0.388998 	 0.388998 	 -4.278766
0.452547 	 0.389537 	 0.389538 	 -4.278965
0.453546 	 0.390074 	 0.390075 	 -4.279164
0.454545 	 0.390609 	 0.390609 	 -4.279363
0.455544 	 0.391141 	 0.391141 	 -4.279562
0.456543 	 0.391671 	 0.391671 	 -4.279762
0.457542 	 0.392198 	 0.392198 	 -4.279961
0.458541 	 0.392722 	 0.392723 	 -4.280159
0.459540 	 0.393244 	 0.393245 	 -4.280358
0.460539 	 0.393764 	 0.393764 	 -4.280557
0.461538 	 0.394281 	 0.394281 	 -4.280756
0.462537 	 0.394796 	 0.394796 	 -4.280955
0.463536 	 0.395308 	 0.395308 	 -4.281154
0.464535 	 0.395817 	 0.395817 	 -4.281352
0.465534 	 0.396324 	 0.396324 	 -4.281551
0.466533 	 0.396828 	 0.396829 	 -4.281749
0.467532 	 0.397330 	 0.397330 	 -4.281948
0.468531 	 0.397829 	 0.397829 	 -4.282146
0.469530 	 0.398326 	 0.398326 	 -4.282345
0.470529 	 0.398820 	 0.398820 	 -4.282543
0.471528 	 0.399311 	 0.399311 	 -4.282742
0.472527 	 0.399800 	 0.399800 	 -4.282940
0.473526 	 0.400286 	 0.400286 	 -4.283138
0.474525 	 0.400770 	 0.400770 	 -4.283336
0.475524 	 0.401250 	 0.401251 	 -4.283535
0.476523 	 0.401729 	 0.401729 	 -4.283733
0.477522 	 0.402204 	 0.402204 	 -4.283931
0.478521 	 0.402677 	 0.402677 	 -4.284129
0.479520 	 0.403147 	 0.403147 	 -4.284327
0.480519 	 0.403615 	 0.403615 	 -4.284525
0.481518 	 0.404080 	 0.404080 	 -4.284722
0.482517 	 0.404542 	 0.404542 	 -4.284920
0.483516 	 0.405001 	 0.405001 	 -4.285118
0.484515 	 0.405458 	 0.405458 	 -4.285316
0.485514 	 0.405912 	 0.405912 	 -4.285514
0.486513 	 0.406363 	 0.406363 	 -4.285711
0.487512 	 0.406811 	 0.406811 	 -4.285909
0.488511 	 0.407257 	 0.407257 	 -4.286106
0.489510 	 0.407700 	 0.407700 	 -4.286304
0.490509 	 0.408140 	 0.408140 	 -4.286501
0.491508 	 0.408577 	 0.408577 	 -4.286699
0.492507 	 0.409012 	 0.409012 	 -4.286896
0.493506 	 0.409443 	 0.409443 	 -4.287093
0.494505 	 0.409872 	 0.409872 	 -4.287291
0.495504 	 0.410298 	 0.410298 	 -4.287488
0.496503 	 0.410721 	 0.410722 	 -4.287685
0.497502 	 0.411142 	 0.411142 	 -4.287882
0.498501 	 0.411559 	 0.411559 	 -4.288079
0.499500 	 0.411974 	 0.411974 	 -4.288276
0.500500 	 0.412386 	 0.412386 	 -4.288473
0.501499 	 0.412795 	 0.412795 	 -4.288670
0.502498 	 0.413201 	 0.413201 	 -4.288867
0.503497 	 0.413604 	 0.413604 	 -4.289064
0.504496 	 0.414004 	 0.414004 	 -4.289261
0.505495 	 0.414401 	 0.414401 	 -4.289457
0.506494 	 0.414795 	 0.414796 	 -4.289654
0.507493 	 0.415187 	 0.415187 	 -4.289851
0.508492 	 0.415575 	 0.415575 	 -4.290047
0.509491 	 0.415961 	 0.415961 	 -4.290244
0.510490 	 0.416343 	 0.416343 	 -4.290440
0.511489 	 0.416723 	 0.416723 	 -4.290637
0.512488 	 0.417099 	 0.417099 	 -4.290833
0.513487 	 0.417473 	 0.417473 	 -4.291030
0.514486 	 0.417843 	 0.417843 	 -4.291226
0.515485 	 0.418211 	 0.418211 	 -4.291422
0.516484 	 0.418575 	 0.418575 	 -4.291618
0.517483 	 0.418937 	 0.418937 	 -4.291815
0.518482 	 0.419295 	 0.419295 	 -4.292011
0.519481 	 0.419650 	 0.419651 	 -4.292207
0.520480 	 0.420003 	 0.420003 	 -4.292403
0.521479 	 0.420352 	 0.420352 	 -4.292599
0.522478 	 0.420698 	 0.420698 	 -4.292795
0.523477 	 0.421041 	 0.421041 	 -4.292991
0.524476 	 0.421381 	 0.421381 	 -4.293186
0.525475 	 0.421718 	 0.421718 	 -4.293382
0.526474 	 0.422051 	 0.422051 	 -4.293578
0.527473 	 0.422382 	 0.422382 	 -4.293774
0.528472 	 0.422709 	 0.422709 	 -4.293969
0.529471 	 0.423033 	 0.423033 	 -4.294165
0.530470 	 0.423354 	 0.423355 	 -4.294361
0.531469 	 0.423672 	 0.423672 	 -4.294556
0.532468 	 0.423987 	 0.423987 	 -4.294752
0.533467 	 0.424298 	 0.424299 	 -4.294947
0.534466 	 0.424607 	 0.424607 	 -4.295142
0.535465 	 0.424912 	 0.424912 	 -4.295338
0.536464 	 0.425214 	 0.425214 	 -4.295533
0.537463 	 0.425512 	 0.425512 	 -4.295728
0.538462 	 0.425807 	 0.425808 	 -4.295923
0.539461 	 0.426100 	 0.426100 	 -4.296119
0.540460 	 0.426388 	 0.426389 	 -4.296314
0.541459 	 0.426674 	 0.426674 	 -4.296509
0.542458 	 0.426956 	 0.426956 	 -4.296704
0.543457 	 0.427235 	 0.427235 	 -4.296899
0.544456 	 0.427511 	 0.427511 	 -4.297094
0.545455 	 0.427783 	 0.427783 	 -4.297288
0.546454 	 0.428052 	 0.428052 	 -4.297483
0.547453 	 0.428318 	 0.428318 	 -4.297678
0.548452 	 0.428580 	 0.428580 	 -4.297873
0.549451 	 0.428839 	 0.428839 	 -4.298067
0.550450 	 0.429094 	 0.429095 	 -4.298262
0.551449 	 0.429347 	 0.429347 	 -4.298457
0.552448 	 0.429595 	 0.429596 	 -4.298651
0.553447 	 0.429841 	 0.429841 	 -4.298846
0.554446 	 0.430083 	 0.430083 	 -4.299040
0.555445 	 0.430321 	 0.430322 	 -4.299234
0.556444 	 0.430557 	 0.430557 	 -4.299429
0.557443 	 0.430788 	 0.430788 	 -4.299623
0.558442 	 0.431016 	 0.431017 	 -4.299817
0.559441 	 0.431241 	 0.431241 	 -4.300011
0.560440 	 0.431462 	 0.431463 	 -4.300206
0.561439 	 0.431680 	 0.431680 	 -4.300400
0.562438 	 0.431894 	 0.431895 	 -4.300594
0.563437 	 0.432105 	 0.432105 	 -4.300788
0.564436 	 0.432313 	 0.432313 	 -4.300982
0.565435 	 0.432516 	 0.432516 	 -4.301176
0.566434 	 0.432716 	 0.432717 	 -4.301370
0.567433 	 0.432913 	 0.432913 	 -4.301563
0.568432 	 0.433106 	 0.433106 	 -4.301757
0.569431 	 0.433296 	 0.433296 	 -4.301951
0.570430 	 0.433482 	 0.433482 	 -4.302145
0.571429 	 0.433664 	 0.433664 	 -4.302338
0.572428 	 0.433843 	 0.433843 	 -4.302532
0.573427 	 0.434018 	 0.434018 	 -4.302725
0.574426 	 0.434189 	 0.434189 	 -4.302919
0.575425 	 0.434357 	 0.434357 	 -4.303112
0.576424 	 0.434521 	 0.434521 	 -4.303306
0.577423 	 0.434682 	 0.434682 	 -4.303499
0.578422 	 0.434838 	 0.434839 	 -4.303692
0.579421 	 0.434992 	 0.434992 	 -4.303886
0.580420 	 0.435141 	 0.435141 	 -4.304079
0.581419 	 0.435287 	 0.435287 	 -4.304272
0.582418 	 0.435429 	 0.435429 	 -4.304465
0.583417 	 0.435567 	 0.435567 	 -4.304658
0.584416 	 0.435702 	 0.435702 	 -4.304851
0.585415 	 0.435833 	 0.435833 	 -4.305044
0.586414 	 0.435960 	 0.435960 	 -4.305237
0.587413 	 0.436083 	 0.436083 	 -4.305430
0.588412 	 0.436202 	 0.436203 	 -4.305623
0.589411 	 0.436318 	 0.436318 	 -4.305816
0.590410 	 0.436430 	 0.436430 	 -4.306008
0.591409 	 0.436538 	 0.436538 	 -4.306201
0.592408 	 0.436642 	 0.436643 	 -4.306394
0.593407 	 0.436743 	 0.436743 	 -4.306586
0.594406 	 0.436839 	 0.436840 	 -4.306779
0.595405 	 0.436932 	 0.436932 	 -4.306971
0.596404 	 0.437021 	 0.437021 	 -4.307164
0.597403 	 0.437106 	 0.437106 	 -4.307356
0.598402 	 0.437187 	 0.437187 	 -4.307548
0.599401 	 0.437264 	 0.437264 	 -4.307741
0.600400 	 0.437337 	 0.437337 	 -4.307933
0.601399 	 0.437406 	 0.437407 	 -4.308125
0.602398 	 0.437472 	 0.437472 	 -4.308317
0.603397 	 0.437533 	 0.437533 	 -4.308510
0.604396 	 0.437590 	 0.437591 	 -4.308702
0.605395 	 0.437644 	 0.437644 	 -4.308894
0.606394 	 0.437693 	 0.437694 	 -4.309086
0.607393 	 0.437739 	 0.437739 	 -4.309278
0.608392 	 0.437780 	 0.437780 	 -4.309470
0.609391 	 0.437818 	 0.437818 	 -4.309661
0.610390 	 0.437851 	 0.437851 	 -4.309853
0.611389 	 0.437880 	 0.437880 	 -4.310045
0.612388 	 0.437905 	 0.437906 	 -4.310237
0.613387 	 0.437927 	 0.437927 	 -4.310428
0.614386 	 0.437944 	 0.437944 	 -4.310620
0.615385 	 0.437957 	 0.437957 	 -4.310811
0.616384 	 0.437966 	 0.437966 	 -4.311003
0.617383 	 0.437970 	 0.437971 	 -4.311194
0.618382 	 0.437971 	 0.437971 	 -4.311386
0.619381 	 0.437967 	 0.437968 	 -4.311577
0.620380 	 0.437960 	 0.437960 	 -4.311769
0.621379 	 0.437948 	 0.437948 	 -4.311960
0.622378 	 0.437932 	 0.437932 	 -4.312151
0.623377 	 0.437912 	 0.437912 	 -4.312342
0.624376 	 0.437887 	 0.437888 	 -4.312533
0.625375 	 0.437859 	 0.437859 	 -4.312724
0.626374 	 0.437826 	 0.437826 	 -4.312916
0.627373 	 0.437789 	 0.437789 	 -4.313106
0.628372 	 0.437747 	 0.437748 	 -4.313297
0.629371 	 0.437702 	 0.437702 	 -4.313488
0.630370 	 0.437652 	 0.437652 	 -4.313679
0.631369 	 0.437598 	 0.437598 	 -4.313870
0.632368 	 0.437539 	 0.437539 	 -4.314061
0.633367 	 0.437476 	 0.437477 	 -4.314251
0.634366 	 0.437409 	 0.437409 	 -4.314442
0.635365 	 0.437338 	 0.437338 	 -4.314633
0.636364 	 0.437262 	 0.437262 	 -4.314823
0.637363 	 0.437182 	 0.437182 	 -4.315014
0.638362 	 0.437097 	 0.437097 	 -4.315204
0.639361 	 0.437008 	 0.437008 	 -4.315395
0.640360 	 0.436915 	 0.436915 	 -4.315585
0.641359 	 0.436817 	 0.436817 	 -4.315776
0.642358 	 0.436715 	 0.436715 	 -4.315966
0.643357 	 0.436608 	 0.436608 	 -4.316156
0.644356 	 0.436497 	 0.436497 	 -4.316346
0.645355 	 0.436382 	 0.436382 	 -4.316536
0.646354 	 0.436262 	 0.436262 	 -4.316726
0.647353 	 0.436137 	 0.436137 	 -4.316917
0.648352 	 0.436008 	 0.436008 	 -4.317107
0.649351 	 0.435875 	 0.435875 	 -4.317297
0.650350 	 0.435736 	 0.435737 	 -4.317486
0.651349 	 0.435594 	 0.435594 	 -4.317676
0.652348 	 0.435447 	 0.435447 	 -4.317866
0.653347 	 0.435295 	 0.435295 	 -4.318056
0.654346 	 0.435139 	 0.435139 	 -4.318246
0.655345 	 0.434978 	 0.434978 	 -4.318435
0.656344 	 0.434812 	 0.434813 	 -4.318625
0.657343 	 0.434642 	 0.434642 	 -4.318815
0.658342 	 0.434468 	 0.434468 	 -4.319004
0.659341 	 0.434288 	 0.434288 	 -4.319194
0.660340 	 0.434104 	 0.434104 	 -4.319383
0.661339 	 0.433915 	 0.433916 	 -4.319572
0.662338 	 0.433722 	 0.433722 	 -4.319762
0.663337 	 0.433524 	 0.433524 	 -4.319951
0.664336 	 0.433321 	 0.433321 	 -4.320140
0.665335 	 0.433114 	 0.433114 	 -4.320330
0.666334 	 0.432901 	 0.432902 	 -4.320519
0.667333 	 0.432684 	 0.432685 	 -4.320708
0.668332 	 0.432463 	 0.432463 	 -4.320897
0.669331 	 0.432236 	 0.432236 	 -4.321086
0.670330 	 0.432005 	 0.432005 	 -4.321275
0.671329 	 0.431769 	 0.431769 	 -4.321464
0.672328 	 0.431528 	 0.431528 	 -4.321653
0.673327 	 0.431282 	 0.431282 	 -4.321841
0.674326 	 0.431031 	 0.431032 	 -4.322030
0.675325 	 0.430776 	 0.430776 	 -4.322219
0.676324 	 0.430516 	 0.430516 	 -4.322408
0.677323 	 0.430250 	 0.430251 	 -4.322596
0.678322 	 0.429980 	 0.429981 	 -4.322785
0.679321 	 0.429705 	 0.429706 	 -4.322974
0.680320 	 0.429425 	 0.429426 	 -4.323162
0.681319 	 0.429141 	 0.429141 	 -4.323350
0.682318 	 0.428851 	 0.428851 	 -4.323539
0.683317 	 0.428556 	 0.428556 	 -4.323727
0.684316 	 0.428256 	 0.428257 	 -4.323916
0.685315 	 0.427952 	 0.427952 	 -4.324104
0.686314 	 0.427642 	 0.427642 	 -4.324292
0.687313 	 0.427327 	 0.427327 	 -4.324480
0.688312 	 0.427007 	 0.427008 	 -4.324668
0.689311 	 0.426683 	 0.426683 	 -4.324856
0.690310 	 0.426353 	 0.426353 	 -4.325044
0.691309 	 0.426018 	 0.426018 	 -4.325232
0.692308 	 0.425678 	 0.425678 	 -4.325420
0.693307 	 0.425333 	 0.425333 	 -4.325608
0.694306 	 0.424982 	 0.424983 	 -4.325796
0.695305 	 0.424627 	 0.424627 	 -4.325984
0.696304 	 0.424267 	 0.424267 	 -4.326172
0.697303 	 0.423901 	 0.423901 	 -4.326359
0.698302 	 0.423530 	 0.423530 	 -4.326547
0.699301 	 0.423154 	 0.423154 	 -4.326735
0.700300 	 0.422773 	 0.422773 	 -4.326922
0.701299 	 0.422387 	 0.422387 	 -4.327110
0.702298 	 0.421995 	 0.421995 	 -4.327297
0.703297 	 0.421598 	 0.421598 	 -4.327485
0.704296 	 0.421196 	 0.421196 	 -4.327672
0.705295 	 0.420789 	 0.420789 	 -4.327859
0.706294 	 0.420376 	 0.420376 	 -4.328047
0.707293 	 0.419958 	 0.419958 	 -4.328234
0.708292 	 0.419535 	 0.419535 	 -4.328421
0.709291 	 0.419106 	 0.419106 	 -4.328608
0.710290 	 0.418672 	 0.418672 	 -4.328795
0.711289 	 0.418233 	 0.418233 	 -4.328982
0.712288 	 0.417788 	 0.417789 	 -4.329169
0.713287 	 0.417338 	 0.417338 	 -4.329356
0.714286 	 0.416883 	 0.416883 	 -4.329543
0.715285 	 0.416422 	 0.416422 	 -4.329730
0.716284 	 0.415956 	 0.415956 	 -4.329917
0.717283 	 0.415484 	 0.415484 	 -4.330104
0.718282 	 0.415007 	 0.415007 	 -4.330290
0.719281 	 0.414524 	 0.414525 	 -4.330477
0.720280 	 0.414036 	 0.414037 	 -4.330664
0.721279 	 0.413543 	 0.413543 	 -4.330850
0.722278 	 0.413044 	 0.413044 	 -4.331037
0.723277 	 0.412539 	 0.412539 	 -4.331223
0.724276 	 0.412029 	 0.412029 	 -4.331410
0.725275 	 0.411513 	 0.411513 	 -4.331596
0.726274 	 0.410992 	 0.410992 	 -4.331782
0.727273 	 0.410465 	 0.410465 	 -4.331969
0.728272 	 0.409933 	 0.409933 	 -4.332155
0.729271 	 0.409395 	 0.409395 	 -4.332341
0.730270 	 0.408851 	 0.408851 	 -4.332527
0.731269 	 0.408302 	 0.408302 	 -4.332713
0.732268 	 0.407747 	 0.407747 	 -4.332900
0.733267 	 0.407186 	 0.407186 	 -4.333086
0.734266 	 0.406619 	 0.406620 	 -4.333272
0.735265 	 0.406047 	 0.406048 	 -4.333457
0.736264 	 0.405470 	 0.405470 	 -4.333643
0.737263 	 0.404886 	 0.404886 	 -4.333829
0.738262 	 0.404297 	 0.404297 	 -4.334015
0.739261 	 0.403702 	 0.403702 	 -4.334201
0.740260 	 0.403101 	 0.403101 	 -4.334386
0.741259 	 0.402494 	 0.402495 	 -4.334572
0.742258 	 0.401882 	 0.401882 	 -4.334758
0.743257 	 0.401264 	 0.401264 	 -4.334943
0.744256 	 0.400640 	 0.400640 	 -4.335129
0.745255 	 0.400010 	 0.400010 	 -4.335314
0.746254 	 0.399374 	 0.399374 	 -4.335499
0.747253 	 0.398732 	 0.398733 	 -4.335685
0.748252 	 0.398085 	 0.398085 	 -4.335870
0.749251 	 0.397431 	 0.397432 	 -4.336055
0.750250 	 0.396772 	 0.396772 	 -4.336241
0.751249 	 0.396107 	 0.396107 	 -4.336426
0.752248 	 0.395435 	 0.395435 	 -4.336611
0.753247 	 0.394758 	 0.394758 	 -4.336796
0.754246 	 0.394075 	 0.394075 	 -4.336981
0.755245 	 0.393385 	 0.393386 	 -4.337166
0.756244 	 0.392690 	 0.392690 	 -4.337351
0.757243 	 0.391989 	 0.391989 	 -4.337536
0.758242 	 0.391281 	 0.391281 	 -4.337721
0.759241 	 0.390568 	 0.390568 	 -4.337905
0.760240 	 0.389848 	 0.389848 	 -4.338090
0.761239 	 0.389122 	 0.389123 	 -4.338275
0.762238 	 0.388391 	 0.388391 	 -4.338460
0.763237 	 0.387653 	 0.387653 	 -4.338644
0.764236 	 0.386909 	 0.386909 	 -4.338829
0.765235 	 0.386158 	 0.386159 	 -4.339013
0.766234 	 0.385402 	 0.385402 	 -4.339198
0.767233 	 0.384639 	 0.384640 	 -4.339382
0.768232 	 0.383871 	 0.383871 	 -4.339567
0.769231 	 0.383095 	 0.383096 	 -4.339751
0.770230 	 0.382314 	 0.382314 	 -4.339935
0.771229 	 0.381527 	 0.381527 	 -4.340119
0.772228 	 0.380733 	 0.380733 	 -4.340304
0.773227 	 0.379933 	 0.379933 	 -4.340488
0.774226 	 0.379126 	 0.379126 	 -4.340672
0.775225 	 0.378313 	 0.378314 	 -4.340856
0.776224 	 0.377494 	 0.377494 	 -4.341040
0.777223 	 0.376669 	 0.376669 	 -4.341224
0.778222 	 0.375837 	 0.375837 	 -4.341408
0.779221 	 0.374999 	 0.374999 	 -4.341592
0.780220 	 0.374154 	 0.374154 	 -4.341775
0.781219 	 0.373303 	 0.373303 	 -4.341959
0.782218 	 0.372446 	 0.372446 	 -4.342143
0.783217 	 0.371582 	 0.371582 	 -4.342327
0.784216 	 0.370711 	 0.370711 	 -4.342510
0.785215 	 0.369834 	 0.369834 	 -4.342694
0.786214 	 0.368951 	 0.368951 	 -4.342877
0.787213 	 0.368061 	 0.368061 	 -4.343061
0.788212 	 0.367164 	 0.367165 	 -4.343244
0.789211 	 0.366261 	 0.366262 	 -4.343428
0.790210 	 0.365352 	 0.365352 	 -4.343611
0.791209 	 0.364436 	 0.364436 	 -4.343794
0.792208 	 0.363513 	 0.363513 	 -4.343977
0.793207 	 0.362583 	 0.362583 	 -4.344161
0.794206 	 0.361647 	 0.361647 	 -4.344344
0.795205 	 0.360705 	 0.360705 	 -4.344527
0.796204 	 0.359755 	 0.359755 	 -4.344710
0.797203 	 0.358799 	 0.358799 	 -4.344893
0.798202 	 0.357836 	 0.357836 	 -4.345076
0.799201 	 0.356867 	 0.356867 	 -4.345259
0.800200 	 0.355891 	 0.355891 	 -4.345442
0.801199 	 0.354908 	 0.354908 	 -4.345625
0.802198 	 0.353918 	 0.353918 	 -4.345807
0.803197 	 0.352921 	 0.352921 	 -4.345990
0.804196 	 0.351918 	 0.351918 	 -4.346173
0.805195 	 0.350908 	 0.350908 	 -4.346355
0.806194 	 0.349891 	 0.349891 	 -4.346538
0.807193 	 0.348867 	 0.348867 	 -4.346721
0.808192 	 0.347836 	 0.347836 	 -4.346903
0.809191 	 0.346798 	 0.346799 	 -4.347086
0.810190 	 0.345754 	 0.345754 	 -4.347268
0.811189 	 0.344702 	 0.344703 	 -4.347450
0.812188 	 0.343644 	 0.343644 	 -4.347633
0.813187 	 0.342579 	 0.342579 	 -4.347815
0.814186 	 0.341506 	 0.341506 	 -4.347997
0.815185 	 0.340427 	 0.340427 	 -4.348179
0.816184 	 0.339340 	 0.339341 	 -4.348361
0.817183 	 0.338247 	 0.338247 	 -4.348543
0.818182 	 0.337147 	 0.337147 	 -4.348726
0.819181 	 0.336039 	 0.336039 	 -4.348907
0.820180 	 0.334924 	 0.334925 	 -4.349089
0.821179 	 0.333803 	 0.333803 	 -4.349271
0.822178 	 0.332674 	 0.332674 	 -4.349453
0.823177 	 0.331538 	 0.331538 	 -4.349635
0.824176 	 0.330395 	 0.330395 	 -4.349817
0.825175 	 0.329245 	 0.329245 	 -4.349998
0.826174 	 0.328087 	 0.328087 	 -4.350180
0.827173 	 0.326922 	 0.326923 	 -4.350362
0.828172 	 0.325750 	 0.325751 	 -4.350543
0.829171 	 0.324571 	 0.324571 	 -4.350725
0.830170 	 0.323385 	 0.323385 	 -4.350906
0.831169 	 0.322191 	 0.322191 	 -4.351088
0.832168 	 0.320990 	 0.320990 	 -4.351269
0.833167 	 0.319782 	 0.319782 	 -4.351450
0.834166 	 0.318566 	 0.318566 	 -4.351632
0.835165 	 0.317343 	 0.317343 	 -4.351813
0.836164 	 0.316113 	 0.316113 	 -4.351994
0.837163 	 0.314875 	 0.314875 	 -4.352175
0.838162 	 0.313630 	 0.313630 	 -4.352356
0.839161 	 0.312377 	 0.312378 	 -4.352537
0.840160 	 0.311117 	 0.311118 	 -4.352718
0.841159 	 0.309850 	 0.309850 	 -4.352899
0.842158 	 0.308575 	 0.308575 	 -4.353080
0.843157 	 0.307293 	 0.307293 	 -4.353261
0.844156 	 0.306003 	 0.306003 	 -4.353442
0.845155 	 0.304705 	 0.304705 	 -4.353623
0.846154 	 0.303400 	 0.303400 	 -4.353803
0.847153 	 0.302087 	 0.302088 	 -4.353984
0.848152 	 0.300767 	 0.300767 	 -4.354165
0.849151 	 0.299439 	 0.299440 	 -4.354345
0.850150 	 0.298104 	 0.298104 	 -4.354526
0.851149 	 0.296761 	 0.296761 	 -4.354706
0.852148 	 0.295410 	 0.295410 	 -4.354887
0.853147 	 0.294052 	 0.294052 	 -4.355067
0.854146 	 0.292686 	 0.292686 	 -4.355248
0.855145 	 0.291312 	 0.291312 	 -4.355428
0.856144 	 0.289930 	 0.289930 	 -4.355608
0.857143 	 0.288541 	 0.288541 	 -4.355788
0.858142 	 0.287144 	 0.287144 	 -4.355969
0.859141 	 0.285739 	 0.285739 	 -4.356149
0.860140 	 0.284326 	 0.284326 	 -4.356329
0.861139 	 0.282906 	 0.282906 	 -4.356509
0.862138 	 0.281477 	 0.281477 	 -4.356689
0.863137 	 0.280041 	 0.280041 	 -4.356869
0.864136 	 0.278597 	 0.278597 	 -4.357049
0.865135 	 0.277145 	 0.277145 	 -4.357228
0.866134 	 0.275685 	 0.275685 	 -4.357408
0.867133 	 0.274217 	 0.274217 	 -4.357588
0.868132 	 0.272741 	 0.272741 	 -4.357768
0.869131 	 0.271257 	 0.271257 	 -4.357947
0.870130 	 0.269765 	 0.269765 	 -4.358127
0.871129 	 0.268265 	 0.268265 	 -4.358306
0.872128 	 0.266757 	 0.266757 	 -4.358486
0.873127 	 0.265241 	 0.265241 	 -4.358665
0.874126 	 0.263717 	 0.263717 	 -4.358845
0.875125 	 0.262185 	 0.262185 	 -4.359024
0.876124 	 0.260645 	 0.260645 	 -4.359203
0.877123 	 0.259096 	 0.259096 	 -4.359383
0.878122 	 0.257539 	 0.257540 	 -4.359562
0.879121 	 0.255975 	 0.255975 	 -4.359741
0.880120 	 0.254402 	 0.254402 	 -4.359920
0.881119 	 0.252820 	 0.252821 	 -4.360099
0.882118 	 0.251231 	 0.251231 	 -4.360278
0.883117 	 0.249633 	 0.249633 	 -4.360457
0.884116 	 0.248027 	 0.248027 	 -4.360636
0.885115 	 0.246413 	 0.246413 	 -4.360815
0.886114 	 0.244790 	 0.244791 	 -4.360994
0.887113 	 0.243160 	 0.243160 	 -4.361173
0.888112 	 0.241520 	 0.241520 	 -4.361352
0.889111 	 0.239873 	 0.239873 	 -4.361530
0.890110 	 0.238217 	 0.238217 	 -4.361709
0.891109 	 0.236552 	 0.236552 	 -4.361888
0.892108 	 0.234879 	 0.234879 	 -4.362066
0.893107 	 0.233198 	 0.233198 	 -4.362245
0.894106 	 0.231508 	 0.231508 	 -4.362423
0.895105 	 0.229810 	 0.229810 	 -4.362602
0.896104 	 0.228103 	 0.228103 	 -4.362780
0.897103 	 0.226387 	 0.226387 	 -4.362959
0.898102 	 0.224663 	 0.224663 	 -4.363137
0.899101 	 0.222931 	 0.222931 	 -4.363315
0.900100 	 0.221190 	 0.221190 	 -4.363493
0.901099 	 0.219440 	 0.219440 	 -4.363671
0.902098 	 0.217682 	 0.217682 	 -4.363850
0.903097 	 0.215915 	 0.215915 	 -4.364028
0.904096 	 0.214139 	 0.214139 	 -4.364206
0.905095 	 0.212354 	 0.212354 	 -4.364384
0.906094 	 0.210561 	 0.210561 	 -4.364562
0.907093 	 0.208759 	 0.208759 	 -4.364739
0.908092 	 0.206949 	 0.206949 	 -4.364917
0.909091 	 0.205129 	 0.205129 	 -4.365095
0.910090 	 0.203301 	 0.203301 	 -4.365273
0.911089 	 0.201464 	 0.201464 	 -4.365451
0.912088 	 0.199618 	 0.199618 	 -4.365628
0.913087 	 0.197763 	 0.197763 	 -4.365806
0.914086 	 0.195900 	 0.195900 	 -4.365983
0.915085 	 0.194027 	 0.194027 	 -4.366161
0.916084 	 0.192146 	 0.192146 	 -4.366338
0.917083 	 0.190255 	 0.190255 	 -4.366516
0.918082 	 0.188356 	 0.188356 	 -4.366693
0.919081 	 0.186447 	 0.186447 	 -4.366870
0.920080 	 0.184530 	 0.184530 	 -4.367048
0.921079 	 0.182604 	 0.182604 	 -4.367225
0.922078 	 0.180668 	 0.180668 	 -4.367402
0.923077 	 0.178723 	 0.178724 	 -4.367579
0.924076 	 0.176770 	 0.176770 	 -4.367756
0.925075 	 0.174807 	 0.174807 	 -4.367933
0.926074 	 0.172835 	 0.172835 	 -4.368110
0.927073 	 0.170854 	 0.170854 	 -4.368287
0.928072 	 0.168864 	 0.168864 	 -4.368464
0.929071 	 0.166864 	 0.166864 	 -4.368641
0.930070 	 0.164856 	 0.164856 	 -4.368818
0.931069 	 0.162838 	 0.162838 	 -4.368995
0.932068 	 0.160810 	 0.160810 	 -4.369171
0.933067 	 0.158774 	 0.158774 	 -4.369348
0.934066 	 0.156728 	 0.156728 	 -4.369525
0.935065 	 0.154673 	 0.154673 	 -4.369701
0.936064 	 0.152608 	 0.152609 	 -4.369878
0.937063 	 0.150535 	 0.150535 	 -4.370054
0.938062 	 0.148451 	 0.148451 	 -4.370231
0.939061 	 0.146359 	 0.146359 	 -4.370407
0.940060 	 0.144256 	 0.144257 	 -4.370583
0.941059 	 0.142145 	 0.142145 	 -4.370760
0.942058 	 0.140024 	 0.140024 	 -4.370936
0.943057 	 0.137893 	 0.137893 	 -4.371112
0.944056 	 0.135753 	 0.135753 	 -4.371288
0.945055 	 0.133603 	 0.133603 	 -4.371465
0.946054 	 0.131444 	 0.131444 	 -4.371641
0.947053 	 0.129275 	 0.129275 	 -4.371817
0.948052 	 0.127097 	 0.127097 	 -4.371993
0.949051 	 0.124909 	 0.124909 	 -4.372169
0.950050 	 0.122711 	 0.122711 	 -4.372344
0.951049 	 0.120504 	 0.120504 	 -4.372520
0.952048 	 0.118286 	 0.118286 	 -4.372696
0.953047 	 0.116060 	 0.116060 	 -4.372872
0.954046 	 0.113823 	 0.113823 	 -4.373047
0.955045 	 0.111577 	 0.111577 	 -4.373223
0.956044 	 0.109320 	 0.109320 	 -4.373399
0.957043 	 0.107054 	 0.107054 	 -4.373574
0.958042 	 0.104778 	 0.104778 	 -4.373750
0.959041 	 0.102493 	 0.102493 	 -4.373925
0.960040 	 0.100197 	 0.100197 	 -4.374101
0.961039 	 0.097892 	 0.097892 	 -4.374276
0.962038 	 0.095576 	 0.095576 	 -4.374451
0.963037 	 0.093251 	 0.093251 	 -4.374627
0.964036 	 0.090915 	 0.090915 	 -4.374802
0.965035 	 0.088570 	 0.088570 	 -4.374977
0.966034 	 0.086214 	 0.086215 	 -4.375152
0.967033 	 0.083849 	 0.083849 	 -4.375327
0.968032 	 0.081473 	 0.081474 	 -4.375502
0.969031 	 0.079088 	 0.079088 	 -4.375677
0.970030 	 0.076692 	 0.076692 	 -4.375852
0.971029 	 0.074286 	 0.074286 	 -4.376027
0.972028 	 0.071870 	 0.071870 	 -4.376202
0.973027 	 0.069444 	 0.069444 	 -4.376377
0.974026 	 0.067008 	 0.067008 	 -4.376552
0.975025 	 0.064561 	 0.064561 	 -4.376726
0.976024 	 0.062104 	 0.062104 	 -4.376901
0.977023 	 0.059637 	 0.059637 	 -4.377076
0.978022 	 0.057159 	 0.057159 	 -4.377250
0.979021 	 0.054671 	 0.054671 	 -4.377425
0.980020 	 0.052173 	 0.052173 	 -4.377599
0.981019 	 0.049665 	 0.049665 	 -4.377774
0.982018 	 0.047146 	 0.047146 	 -4.377948
0.983017 	 0.044616 	 0.044616 	 -4.378123
0.984016 	 0.042077 	 0.042077 	 -4.378297
0.985015 	 0.039526 	 0.039526 	 -4.378471
0.986014 	 0.036966 	 0.036966 	 -4.378645
0.987013 	 0.034394 	 0.034394 	 -4.378819
0.988012 	 0.031812 	 0.031812 	 -4.378994
0.989011 	 0.029220 	 0.029220 	 -4.379168
0.990010 	 0.026617 	 0.026617 	 -4.379342
0.991009 	 0.024004 	 0.024004 	 -4.379516
0.992008 	 0.021379 	 0.021379 	 -4.379690
0.993007 	 0.018744 	 0.018744 	 -4.379864
0.994006 	 0.016099 	 0.016099 	 -4.380037
0.995005 	 0.013443 	 0.013443 	 -4.380211
0.996004 	 0.010776 	 0.010776 	 -4.380385
0.997003 	 0.008098 	 0.008098 	 -4.380559
0.998002 	 0.005409 	 0.005409 	 -4.380732
0.999001 	 0.002710 	 0.002710 	 -4.380906
