0.000999 	 6.54452e-07 
0.001998 	 6.5412e-07 
0.002997 	 6.53788e-07 
0.003996 	 6.53456e-07 
0.004995 	 6.53125e-07 
0.005994 	 6.52794e-07 
0.006993 	 6.52463e-07 
0.007992 	 6.52133e-07 
0.008991 	 6.51802e-07 
0.009990 	 6.51472e-07 
0.010989 	 6.51143e-07 
0.011988 	 6.50813e-07 
0.012987 	 6.50484e-07 
0.013986 	 6.50154e-07 
0.014985 	 6.49826e-07 
0.015984 	 6.49497e-07 
0.016983 	 6.49168e-07 
0.017982 	 6.4884e-07 
0.018981 	 6.48512e-07 
0.019980 	 6.48185e-07 
0.020979 	 6.47857e-07 
0.021978 	 6.4753e-07 
0.022977 	 6.47203e-07 
0.023976 	 6.46876e-07 
0.024975 	 6.4655e-07 
0.025974 	 6.46223e-07 
0.026973 	 6.45897e-07 
0.027972 	 6.45571e-07 
0.028971 	 6.45246e-07 
0.029970 	 6.4492e-07 
0.030969 	 6.44595e-07 
0.031968 	 6.4427e-07 
0.032967 	 6.43946e-07 
0.033966 	 6.43621e-07 
0.034965 	 6.43297e-07 
0.035964 	 6.42973e-07 
0.036963 	 6.42649e-07 
0.037962 	 6.42326e-07 
0.038961 	 6.42002e-07 
0.039960 	 6.41679e-07 
0.040959 	 6.41356e-07 
0.041958 	 6.41034e-07 
0.042957 	 6.40711e-07 
0.043956 	 6.40389e-07 
0.044955 	 6.40067e-07 
0.045954 	 6.39746e-07 
0.046953 	 6.39424e-07 
0.047952 	 6.39103e-07 
0.048951 	 6.38782e-07 
0.049950 	 6.38461e-07 
0.050949 	 6.38141e-07 
0.051948 	 6.3782e-07 
0.052947 	 6.375e-07 
0.053946 	 6.37181e-07 
0.054945 	 6.36861e-07 
0.055944 	 6.36542e-07 
0.056943 	 6.36222e-07 
0.057942 	 6.35903e-07 
0.058941 	 6.35585e-07 
0.059940 	 6.35266e-07 
0.060939 	 6.34948e-07 
0.061938 	 6.3463e-07 
0.062937 	 6.34312e-07 
0.063936 	 6.33995e-07 
0.064935 	 6.33677e-07 
0.065934 	 6.3336e-07 
0.066933 	 6.33043e-07 
0.067932 	 6.32727e-07 
0.068931 	 6.3241e-07 
0.069930 	 6.32094e-07 
0.070929 	 6.31778e-07 
0.071928 	 6.31462e-07 
0.072927 	 6.31147e-07 
0.073926 	 6.30832e-07 
0.074925 	 6.30516e-07 
0.075924 	 6.30202e-07 
0.076923 	 6.29887e-07 
0.077922 	 6.29573e-07 
0.078921 	 6.29258e-07 
0.079920 	 6.28944e-07 
0.080919 	 6.28631e-07 
0.081918 	 6.28317e-07 
0.082917 	 6.28004e-07 
0.083916 	 6.27691e-07 
0.084915 	 6.27378e-07 
0.085914 	 6.27065e-07 
0.086913 	 6.26753e-07 
0.087912 	 6.26441e-07 
0.088911 	 6.26129e-07 
0.089910 	 6.25817e-07 
0.090909 	 6.25506e-07 
0.091908 	 6.25194e-07 
0.092907 	 6.24883e-07 
0.093906 	 6.24573e-07 
0.094905 	 6.24262e-07 
0.095904 	 6.23952e-07 
0.096903 	 6.23641e-07 
0.097902 	 6.23331e-07 
0.098901 	 6.23022e-07 
0.099900 	 6.22712e-07 
0.100899 	 6.22403e-07 
0.101898 	 6.22094e-07 
0.102897 	 6.21785e-07 
0.103896 	 6.21476e-07 
0.104895 	 6.21168e-07 
0.105894 	 6.2086e-07 
0.106893 	 6.20552e-07 
0.107892 	 6.20244e-07 
0.108891 	 6.19936e-07 
0.109890 	 6.19629e-07 
0.110889 	 6.19322e-07 
0.111888 	 6.19015e-07 
0.112887 	 6.18709e-07 
0.113886 	 6.18402e-07 
0.114885 	 6.18096e-07 
0.115884 	 6.1779e-07 
0.116883 	 6.17484e-07 
0.117882 	 6.17179e-07 
0.118881 	 6.16873e-07 
0.119880 	 6.16568e-07 
0.120879 	 6.16263e-07 
0.121878 	 6.15958e-07 
0.122877 	 6.15654e-07 
0.123876 	 6.1535e-07 
0.124875 	 6.15046e-07 
0.125874 	 6.14742e-07 
0.126873 	 6.14438e-07 
0.127872 	 6.14135e-07 
0.128871 	 6.13832e-07 
0.129870 	 6.13529e-07 
0.130869 	 6.13226e-07 
0.131868 	 6.12923e-07 
0.132867 	 6.12621e-07 
0.133866 	 6.12319e-07 
0.134865 	 6.12017e-07 
0.135864 	 6.11715e-07 
0.136863 	 6.11414e-07 
0.137862 	 6.11113e-07 
0.138861 	 6.10812e-07 
0.139860 	 6.10511e-07 
0.140859 	 6.1021e-07 
0.141858 	 6.0991e-07 
0.142857 	 6.0961e-07 
0.143856 	 6.0931e-07 
0.144855 	 6.0901e-07 
0.145854 	 6.0871e-07 
0.146853 	 6.08411e-07 
0.147852 	 6.08112e-07 
0.148851 	 6.07813e-07 
0.149850 	 6.07514e-07 
0.150849 	 6.07216e-07 
0.151848 	 6.06918e-07 
0.152847 	 6.0662e-07 
0.153846 	 6.06322e-07 
0.154845 	 6.06024e-07 
0.155844 	 6.05727e-07 
0.156843 	 6.0543e-07 
0.157842 	 6.05133e-07 
0.158841 	 6.04836e-07 
0.159840 	 6.04539e-07 
0.160839 	 6.04243e-07 
0.161838 	 6.03947e-07 
0.162837 	 6.03651e-07 
0.163836 	 6.03355e-07 
0.164835 	 6.03059e-07 
0.165834 	 6.02764e-07 
0.166833 	 6.02469e-07 
0.167832 	 6.02174e-07 
0.168831 	 6.01879e-07 
0.169830 	 6.01585e-07 
0.170829 	 6.01291e-07 
0.171828 	 6.00997e-07 
0.172827 	 6.00703e-07 
0.173826 	 6.00409e-07 
0.174825 	 6.00116e-07 
0.175824 	 5.99822e-07 
0.176823 	 5.99529e-07 
0.177822 	 5.99237e-07 
0.178821 	 5.98944e-07 
0.179820 	 5.98652e-07 
0.180819 	 5.98359e-07 
0.181818 	 5.98067e-07 
0.182817 	 5.97776e-07 
0.183816 	 5.97484e-07 
0.184815 	 5.97193e-07 
0.185814 	 5.96902e-07 
0.186813 	 5.96611e-07 
0.187812 	 5.9632e-07 
0.188811 	 5.96029e-07 
0.189810 	 5.95739e-07 
0.190809 	 5.95449e-07 
0.191808 	 5.95159e-07 
0.192807 	 5.94869e-07 
0.193806 	 5.9458e-07 
0.194805 	 5.9429e-07 
0.195804 	 5.94001e-07 
0.196803 	 5.93712e-07 
0.197802 	 5.93424e-07 
0.198801 	 5.93135e-07 
0.199800 	 5.92847e-07 
0.200799 	 5.92559e-07 
0.201798 	 5.92271e-07 
0.202797 	 5.91983e-07 
0.203796 	 5.91696e-07 
0.204795 	 5.91409e-07 
0.205794 	 5.91122e-07 
0.206793 	 5.90835e-07 
0.207792 	 5.90548e-07 
0.208791 	 5.90262e-07 
0.209790 	 5.89975e-07 
0.210789 	 5.89689e-07 
0.211788 	 5.89403e-07 
0.212787 	 5.89118e-07 
0.213786 	 5.88832e-07 
0.214785 	 5.88547e-07 
0.215784 	 5.88262e-07 
0.216783 	 5.87977e-07 
0.217782 	 5.87693e-07 
0.218781 	 5.87408e-07 
0.219780 	 5.87124e-07 
0.220779 	 5.8684e-07 
0.221778 	 5.86556e-07 
0.222777 	 5.86272e-07 
0.223776 	 5.85989e-07 
0.224775 	 5.85706e-07 
0.225774 	 5.85423e-07 
0.226773 	 5.8514e-07 
0.227772 	 5.84857e-07 
0.228771 	 5.84575e-07 
0.229770 	 5.84293e-07 
0.230769 	 5.84011e-07 
0.231768 	 5.83729e-07 
0.232767 	 5.83447e-07 
0.233766 	 5.83166e-07 
0.234765 	 5.82884e-07 
0.235764 	 5.82603e-07 
0.236763 	 5.82323e-07 
0.237762 	 5.82042e-07 
0.238761 	 5.81762e-07 
0.239760 	 5.81481e-07 
0.240759 	 5.81201e-07 
0.241758 	 5.80921e-07 
0.242757 	 5.80642e-07 
0.243756 	 5.80362e-07 
0.244755 	 5.80083e-07 
0.245754 	 5.79804e-07 
0.246753 	 5.79525e-07 
0.247752 	 5.79246e-07 
0.248751 	 5.78968e-07 
0.249750 	 5.7869e-07 
0.250749 	 5.78412e-07 
0.251748 	 5.78134e-07 
0.252747 	 5.77856e-07 
0.253746 	 5.77579e-07 
0.254745 	 5.77301e-07 
0.255744 	 5.77024e-07 
0.256743 	 5.76747e-07 
0.257742 	 5.76471e-07 
0.258741 	 5.76194e-07 
0.259740 	 5.75918e-07 
0.260739 	 5.75642e-07 
0.261738 	 5.75366e-07 
0.262737 	 5.7509e-07 
0.263736 	 5.74814e-07 
0.264735 	 5.74539e-07 
0.265734 	 5.74264e-07 
0.266733 	 5.73989e-07 
0.267732 	 5.73714e-07 
0.268731 	 5.7344e-07 
0.269730 	 5.73165e-07 
0.270729 	 5.72891e-07 
0.271728 	 5.72617e-07 
0.272727 	 5.72343e-07 
0.273726 	 5.7207e-07 
0.274725 	 5.71796e-07 
0.275724 	 5.71523e-07 
0.276723 	 5.7125e-07 
0.277722 	 5.70977e-07 
0.278721 	 5.70704e-07 
0.279720 	 5.70432e-07 
0.280719 	 5.7016e-07 
0.281718 	 5.69888e-07 
0.282717 	 5.69616e-07 
0.283716 	 5.69344e-07 
0.284715 	 5.69073e-07 
0.285714 	 5.68801e-07 
0.286713 	 5.6853e-07 
0.287712 	 5.68259e-07 
0.288711 	 5.67989e-07 
0.289710 	 5.67718e-07 
0.290709 	 5.67448e-07 
0.291708 	 5.67177e-07 
0.292707 	 5.66908e-07 
0.293706 	 5.66638e-07 
0.294705 	 5.66368e-07 
0.295704 	 5.66099e-07 
0.296703 	 5.6583e-07 
0.297702 	 5.65561e-07 
0.298701 	 5.65292e-07 
0.299700 	 5.65023e-07 
0.300699 	 5.64755e-07 
0.301698 	 5.64486e-07 
0.302697 	 5.64218e-07 
0.303696 	 5.6395e-07 
0.304695 	 5.63683e-07 
0.305694 	 5.63415e-07 
0.306693 	 5.63148e-07 
0.307692 	 5.62881e-07 
0.308691 	 5.62614e-07 
0.309690 	 5.62347e-07 
0.310689 	 5.6208e-07 
0.311688 	 5.61814e-07 
0.312687 	 5.61548e-07 
0.313686 	 5.61282e-07 
0.314685 	 5.61016e-07 
0.315684 	 5.6075e-07 
0.316683 	 5.60485e-07 
0.317682 	 5.6022e-07 
0.318681 	 5.59954e-07 
0.319680 	 5.5969e-07 
0.320679 	 5.59425e-07 
0.321678 	 5.5916e-07 
0.322677 	 5.58896e-07 
0.323676 	 5.58632e-07 
0.324675 	 5.58368e-07 
0.325674 	 5.58104e-07 
0.326673 	 5.5784e-07 
0.327672 	 5.57577e-07 
0.328671 	 5.57314e-07 
0.329670 	 5.57051e-07 
0.330669 	 5.56788e-07 
0.331668 	 5.56525e-07 
0.332667 	 5.56263e-07 
0.333666 	 5.56e-07 
0.334665 	 5.55738e-07 
0.335664 	 5.55476e-07 
0.336663 	 5.55215e-07 
0.337662 	 5.54953e-07 
0.338661 	 5.54692e-07 
0.339660 	 5.5443e-07 
0.340659 	 5.54169e-07 
0.341658 	 5.53909e-07 
0.342657 	 5.53648e-07 
0.343656 	 5.53387e-07 
0.344655 	 5.53127e-07 
0.345654 	 5.52867e-07 
0.346653 	 5.52607e-07 
0.347652 	 5.52347e-07 
0.348651 	 5.52088e-07 
0.349650 	 5.51828e-07 
0.350649 	 5.51569e-07 
0.351648 	 5.5131e-07 
0.352647 	 5.51051e-07 
0.353646 	 5.50793e-07 
0.354645 	 5.50534e-07 
0.355644 	 5.50276e-07 
0.356643 	 5.50018e-07 
0.357642 	 5.4976e-07 
0.358641 	 5.49502e-07 
0.359640 	 5.49245e-07 
0.360639 	 5.48987e-07 
0.361638 	 5.4873e-07 
0.362637 	 5.48473e-07 
0.363636 	 5.48216e-07 
0.364635 	 5.47959e-07 
0.365634 	 5.47703e-07 
0.366633 	 5.47447e-07 
0.367632 	 5.4719e-07 
0.368631 	 5.46934e-07 
0.369630 	 5.46679e-07 
0.370629 	 5.46423e-07 
0.371628 	 5.46168e-07 
0.372627 	 5.45912e-07 
0.373626 	 5.45657e-07 
0.374625 	 5.45402e-07 
0.375624 	 5.45148e-07 
0.376623 	 5.44893e-07 
0.377622 	 5.44639e-07 
0.378621 	 5.44385e-07 
0.379620 	 5.44131e-07 
0.380619 	 5.43877e-07 
0.381618 	 5.43623e-07 
0.382617 	 5.4337e-07 
0.383616 	 5.43116e-07 
0.384615 	 5.42863e-07 
0.385614 	 5.4261e-07 
0.386613 	 5.42358e-07 
0.387612 	 5.42105e-07 
0.388611 	 5.41853e-07 
0.389610 	 5.416e-07 
0.390609 	 5.41348e-07 
0.391608 	 5.41097e-07 
0.392607 	 5.40845e-07 
0.393606 	 5.40593e-07 
0.394605 	 5.40342e-07 
0.395604 	 5.40091e-07 
0.396603 	 5.3984e-07 
0.397602 	 5.39589e-07 
0.398601 	 5.39338e-07 
0.399600 	 5.39088e-07 
0.400599 	 5.38838e-07 
0.401598 	 5.38587e-07 
0.402597 	 5.38338e-07 
0.403596 	 5.38088e-07 
0.404595 	 5.37838e-07 
0.405594 	 5.37589e-07 
0.406593 	 5.37339e-07 
0.407592 	 5.3709e-07 
0.408591 	 5.36841e-07 
0.409590 	 5.36593e-07 
0.410589 	 5.36344e-07 
0.411588 	 5.36096e-07 
0.412587 	 5.35848e-07 
0.413586 	 5.356e-07 
0.414585 	 5.35352e-07 
0.415584 	 5.35104e-07 
0.416583 	 5.34856e-07 
0.417582 	 5.34609e-07 
0.418581 	 5.34362e-07 
0.419580 	 5.34115e-07 
0.420579 	 5.33868e-07 
0.421578 	 5.33621e-07 
0.422577 	 5.33375e-07 
0.423576 	 5.33129e-07 
0.424575 	 5.32883e-07 
0.425574 	 5.32637e-07 
0.426573 	 5.32391e-07 
0.427572 	 5.32145e-07 
0.428571 	 5.319e-07 
0.429570 	 5.31654e-07 
0.430569 	 5.31409e-07 
0.431568 	 5.31164e-07 
0.432567 	 5.3092e-07 
0.433566 	 5.30675e-07 
0.434565 	 5.3043e-07 
0.435564 	 5.30186e-07 
0.436563 	 5.29942e-07 
0.437562 	 5.29698e-07 
0.438561 	 5.29454e-07 
0.439560 	 5.29211e-07 
0.440559 	 5.28967e-07 
0.441558 	 5.28724e-07 
0.442557 	 5.28481e-07 
0.443556 	 5.28238e-07 
0.444555 	 5.27995e-07 
0.445554 	 5.27753e-07 
0.446553 	 5.2751e-07 
0.447552 	 5.27268e-07 
0.448551 	 5.27026e-07 
0.449550 	 5.26784e-07 
0.450549 	 5.26543e-07 
0.451548 	 5.26301e-07 
0.452547 	 5.2606e-07 
0.453546 	 5.25818e-07 
0.454545 	 5.25577e-07 
0.455544 	 5.25336e-07 
0.456543 	 5.25096e-07 
0.457542 	 5.24855e-07 
0.458541 	 5.24615e-07 
0.459540 	 5.24375e-07 
0.460539 	 5.24134e-07 
0.461538 	 5.23895e-07 
0.462537 	 5.23655e-07 
0.463536 	 5.23415e-07 
0.464535 	 5.23176e-07 
0.465534 	 5.22937e-07 
0.466533 	 5.22698e-07 
0.467532 	 5.22459e-07 
0.468531 	 5.2222e-07 
0.469530 	 5.21981e-07 
0.470529 	 5.21743e-07 
0.471528 	 5.21505e-07 
0.472527 	 5.21267e-07 
0.473526 	 5.21029e-07 
0.474525 	 5.20791e-07 
0.475524 	 5.20554e-07 
0.476523 	 5.20316e-07 
0.477522 	 5.20079e-07 
0.478521 	 5.19842e-07 
0.479520 	 5.19605e-07 
0.480519 	 5.19368e-07 
0.481518 	 5.19132e-07 
0.482517 	 5.18895e-07 
0.483516 	 5.18659e-07 
0.484515 	 5.18423e-07 
0.485514 	 5.18187e-07 
0.486513 	 5.17951e-07 
0.487512 	 5.17716e-07 
0.488511 	 5.1748e-07 
0.489510 	 5.17245e-07 
0.490509 	 5.1701e-07 
0.491508 	 5.16775e-07 
0.492507 	 5.1654e-07 
0.493506 	 5.16305e-07 
0.494505 	 5.16071e-07 
0.495504 	 5.15837e-07 
0.496503 	 5.15603e-07 
0.497502 	 5.15369e-07 
0.498501 	 5.15135e-07 
0.499500 	 5.14901e-07 
0.500500 	 5.14668e-07 
0.501499 	 5.14434e-07 
0.502498 	 5.14201e-07 
0.503497 	 5.13968e-07 
0.504496 	 5.13735e-07 
0.505495 	 5.13503e-07 
0.506494 	 5.1327e-07 
0.507493 	 5.13038e-07 
0.508492 	 5.12806e-07 
0.509491 	 5.12574e-07 
0.510490 	 5.12342e-07 
0.511489 	 5.1211e-07 
0.512488 	 5.11878e-07 
0.513487 	 5.11647e-07 
0.514486 	 5.11416e-07 
0.515485 	 5.11185e-07 
0.516484 	 5.10954e-07 
0.517483 	 5.10723e-07 
0.518482 	 5.10492e-07 
0.519481 	 5.10262e-07 
0.520480 	 5.10032e-07 
0.521479 	 5.09802e-07 
0.522478 	 5.09572e-07 
0.523477 	 5.09342e-07 
0.524476 	 5.09112e-07 
0.525475 	 5.08883e-07 
0.526474 	 5.08653e-07 
0.527473 	 5.08424e-07 
0.528472 	 5.08195e-07 
0.529471 	 5.07966e-07 
0.530470 	 5.07738e-07 
0.531469 	 5.07509e-07 
0.532468 	 5.07281e-07 
0.533467 	 5.07053e-07 
0.534466 	 5.06825e-07 
0.535465 	 5.06597e-07 
0.536464 	 5.06369e-07 
0.537463 	 5.06141e-07 
0.538462 	 5.05914e-07 
0.539461 	 5.05687e-07 
0.540460 	 5.0546e-07 
0.541459 	 5.05233e-07 
0.542458 	 5.05006e-07 
0.543457 	 5.04779e-07 
0.544456 	 5.04553e-07 
0.545455 	 5.04326e-07 
0.546454 	 5.041e-07 
0.547453 	 5.03874e-07 
0.548452 	 5.03648e-07 
0.549451 	 5.03423e-07 
0.550450 	 5.03197e-07 
0.551449 	 5.02972e-07 
0.552448 	 5.02746e-07 
0.553447 	 5.02521e-07 
0.554446 	 5.02296e-07 
0.555445 	 5.02072e-07 
0.556444 	 5.01847e-07 
0.557443 	 5.01622e-07 
0.558442 	 5.01398e-07 
0.559441 	 5.01174e-07 
0.560440 	 5.0095e-07 
0.561439 	 5.00726e-07 
0.562438 	 5.00502e-07 
0.563437 	 5.00279e-07 
0.564436 	 5.00056e-07 
0.565435 	 4.99832e-07 
0.566434 	 4.99609e-07 
0.567433 	 4.99386e-07 
0.568432 	 4.99164e-07 
0.569431 	 4.98941e-07 
0.570430 	 4.98718e-07 
0.571429 	 4.98496e-07 
0.572428 	 4.98274e-07 
0.573427 	 4.98052e-07 
0.574426 	 4.9783e-07 
0.575425 	 4.97608e-07 
0.576424 	 4.97387e-07 
0.577423 	 4.97166e-07 
0.578422 	 4.96944e-07 
0.579421 	 4.96723e-07 
0.580420 	 4.96502e-07 
0.581419 	 4.96281e-07 
0.582418 	 4.96061e-07 
0.583417 	 4.9584e-07 
0.584416 	 4.9562e-07 
0.585415 	 4.954e-07 
0.586414 	 4.9518e-07 
0.587413 	 4.9496e-07 
0.588412 	 4.9474e-07 
0.589411 	 4.94521e-07 
0.590410 	 4.94301e-07 
0.591409 	 4.94082e-07 
0.592408 	 4.93863e-07 
0.593407 	 4.93644e-07 
0.594406 	 4.93425e-07 
0.595405 	 4.93206e-07 
0.596404 	 4.92988e-07 
0.597403 	 4.9277e-07 
0.598402 	 4.92551e-07 
0.599401 	 4.92333e-07 
0.600400 	 4.92115e-07 
0.601399 	 4.91898e-07 
0.602398 	 4.9168e-07 
0.603397 	 4.91463e-07 
0.604396 	 4.91245e-07 
0.605395 	 4.91028e-07 
0.606394 	 4.90811e-07 
0.607393 	 4.90594e-07 
0.608392 	 4.90377e-07 
0.609391 	 4.90161e-07 
0.610390 	 4.89944e-07 
0.611389 	 4.89728e-07 
0.612388 	 4.89512e-07 
0.613387 	 4.89296e-07 
0.614386 	 4.8908e-07 
0.615385 	 4.88865e-07 
0.616384 	 4.88649e-07 
0.617383 	 4.88434e-07 
0.618382 	 4.88218e-07 
0.619381 	 4.88003e-07 
0.620380 	 4.87788e-07 
0.621379 	 4.87574e-07 
0.622378 	 4.87359e-07 
0.623377 	 4.87144e-07 
0.624376 	 4.8693e-07 
0.625375 	 4.86716e-07 
0.626374 	 4.86502e-07 
0.627373 	 4.86288e-07 
0.628372 	 4.86074e-07 
0.629371 	 4.85861e-07 
0.630370 	 4.85647e-07 
0.631369 	 4.85434e-07 
0.632368 	 4.85221e-07 
0.633367 	 4.85008e-07 
0.634366 	 4.84795e-07 
0.635365 	 4.84582e-07 
0.636364 	 4.84369e-07 
0.637363 	 4.84157e-07 
0.638362 	 4.83945e-07 
0.639361 	 4.83732e-07 
0.640360 	 4.8352e-07 
0.641359 	 4.83309e-07 
0.642358 	 4.83097e-07 
0.643357 	 4.82885e-07 
0.644356 	 4.82674e-07 
0.645355 	 4.82463e-07 
0.646354 	 4.82251e-07 
0.647353 	 4.8204e-07 
0.648352 	 4.8183e-07 
0.649351 	 4.81619e-07 
0.650350 	 4.81408e-07 
0.651349 	 4.81198e-07 
0.652348 	 4.80988e-07 
0.653347 	 4.80777e-07 
0.654346 	 4.80567e-07 
0.655345 	 4.80358e-07 
0.656344 	 4.80148e-07 
0.657343 	 4.79938e-07 
0.658342 	 4.79729e-07 
0.659341 	 4.7952e-07 
0.660340 	 4.79311e-07 
0.661339 	 4.79102e-07 
0.662338 	 4.78893e-07 
0.663337 	 4.78684e-07 
0.664336 	 4.78475e-07 
0.665335 	 4.78267e-07 
0.666334 	 4.78059e-07 
0.667333 	 4.77851e-07 
0.668332 	 4.77643e-07 
0.669331 	 4.77435e-07 
0.670330 	 4.77227e-07 
0.671329 	 4.7702e-07 
0.672328 	 4.76812e-07 
0.673327 	 4.76605e-07 
0.674326 	 4.76398e-07 
0.675325 	 4.76191e-07 
0.676324 	 4.75984e-07 
0.677323 	 4.75777e-07 
0.678322 	 4.75571e-07 
0.679321 	 4.75364e-07 
0.680320 	 4.75158e-07 
0.681319 	 4.74952e-07 
0.682318 	 4.74746e-07 
0.683317 	 4.7454e-07 
0.684316 	 4.74334e-07 
0.685315 	 4.74129e-07 
0.686314 	 4.73923e-07 
0.687313 	 4.73718e-07 
0.688312 	 4.73513e-07 
0.689311 	 4.73308e-07 
0.690310 	 4.73103e-07 
0.691309 	 4.72898e-07 
0.692308 	 4.72693e-07 
0.693307 	 4.72489e-07 
0.694306 	 4.72285e-07 
0.695305 	 4.7208e-07 
0.696304 	 4.71876e-07 
0.697303 	 4.71673e-07 
0.698302 	 4.71469e-07 
0.699301 	 4.71265e-07 
0.700300 	 4.71062e-07 
0.701299 	 4.70858e-07 
0.702298 	 4.70655e-07 
0.703297 	 4.70452e-07 
0.704296 	 4.70249e-07 
0.705295 	 4.70046e-07 
0.706294 	 4.69844e-07 
0.707293 	 4.69641e-07 
0.708292 	 4.69439e-07 
0.709291 	 4.69237e-07 
0.710290 	 4.69034e-07 
0.711289 	 4.68832e-07 
0.712288 	 4.68631e-07 
0.713287 	 4.68429e-07 
0.714286 	 4.68227e-07 
0.715285 	 4.68026e-07 
0.716284 	 4.67825e-07 
0.717283 	 4.67624e-07 
0.718282 	 4.67423e-07 
0.719281 	 4.67222e-07 
0.720280 	 4.67021e-07 
0.721279 	 4.6682e-07 
0.722278 	 4.6662e-07 
0.723277 	 4.6642e-07 
0.724276 	 4.66219e-07 
0.725275 	 4.66019e-07 
0.726274 	 4.65819e-07 
0.727273 	 4.6562e-07 
0.728272 	 4.6542e-07 
0.729271 	 4.6522e-07 
0.730270 	 4.65021e-07 
0.731269 	 4.64822e-07 
0.732268 	 4.64623e-07 
0.733267 	 4.64424e-07 
0.734266 	 4.64225e-07 
0.735265 	 4.64026e-07 
0.736264 	 4.63828e-07 
0.737263 	 4.63629e-07 
0.738262 	 4.63431e-07 
0.739261 	 4.63233e-07 
0.740260 	 4.63035e-07 
0.741259 	 4.62837e-07 
0.742258 	 4.62639e-07 
0.743257 	 4.62442e-07 
0.744256 	 4.62244e-07 
0.745255 	 4.62047e-07 
0.746254 	 4.6185e-07 
0.747253 	 4.61652e-07 
0.748252 	 4.61456e-07 
0.749251 	 4.61259e-07 
0.750250 	 4.61062e-07 
0.751249 	 4.60866e-07 
0.752248 	 4.60669e-07 
0.753247 	 4.60473e-07 
0.754246 	 4.60277e-07 
0.755245 	 4.60081e-07 
0.756244 	 4.59885e-07 
0.757243 	 4.59689e-07 
0.758242 	 4.59493e-07 
0.759241 	 4.59298e-07 
0.760240 	 4.59103e-07 
0.761239 	 4.58907e-07 
0.762238 	 4.58712e-07 
0.763237 	 4.58517e-07 
0.764236 	 4.58323e-07 
0.765235 	 4.58128e-07 
0.766234 	 4.57933e-07 
0.767233 	 4.57739e-07 
0.768232 	 4.57545e-07 
0.769231 	 4.5735e-07 
0.770230 	 4.57156e-07 
0.771229 	 4.56963e-07 
0.772228 	 4.56769e-07 
0.773227 	 4.56575e-07 
0.774226 	 4.56382e-07 
0.775225 	 4.56188e-07 
0.776224 	 4.55995e-07 
0.777223 	 4.55802e-07 
0.778222 	 4.55609e-07 
0.779221 	 4.55416e-07 
0.780220 	 4.55223e-07 
0.781219 	 4.55031e-07 
0.782218 	 4.54838e-07 
0.783217 	 4.54646e-07 
0.784216 	 4.54454e-07 
0.785215 	 4.54262e-07 
0.786214 	 4.5407e-07 
0.787213 	 4.53878e-07 
0.788212 	 4.53686e-07 
0.789211 	 4.53495e-07 
0.790210 	 4.53304e-07 
0.791209 	 4.53112e-07 
0.792208 	 4.52921e-07 
0.793207 	 4.5273e-07 
0.794206 	 4.52539e-07 
0.795205 	 4.52348e-07 
0.796204 	 4.52158e-07 
0.797203 	 4.51967e-07 
0.798202 	 4.51777e-07 
0.799201 	 4.51587e-07 
0.800200 	 4.51397e-07 
0.801199 	 4.51207e-07 
0.802198 	 4.51017e-07 
0.803197 	 4.50827e-07 
0.804196 	 4.50637e-07 
0.805195 	 4.50448e-07 
0.806194 	 4.50259e-07 
0.807193 	 4.50069e-07 
0.808192 	 4.4988e-07 
0.809191 	 4.49691e-07 
0.810190 	 4.49502e-07 
0.811189 	 4.49314e-07 
0.812188 	 4.49125e-07 
0.813187 	 4.48937e-07 
0.814186 	 4.48748e-07 
0.815185 	 4.4856e-07 
0.816184 	 4.48372e-07 
0.817183 	 4.48184e-07 
0.818182 	 4.47996e-07 
0.819181 	 4.47809e-07 
0.820180 	 4.47621e-07 
0.821179 	 4.47434e-07 
0.822178 	 4.47246e-07 
0.823177 	 4.47059e-07 
0.824176 	 4.46872e-07 
0.825175 	 4.46685e-07 
0.826174 	 4.46498e-07 
0.827173 	 4.46312e-07 
0.828172 	 4.46125e-07 
0.829171 	 4.45939e-07 
0.830170 	 4.45752e-07 
0.831169 	 4.45566e-07 
0.832168 	 4.4538e-07 
0.833167 	 4.45194e-07 
0.834166 	 4.45009e-07 
0.835165 	 4.44823e-07 
0.836164 	 4.44637e-07 
0.837163 	 4.44452e-07 
0.838162 	 4.44267e-07 
0.839161 	 4.44081e-07 
0.840160 	 4.43896e-07 
0.841159 	 4.43711e-07 
0.842158 	 4.43527e-07 
0.843157 	 4.43342e-07 
0.844156 	 4.43157e-07 
0.845155 	 4.42973e-07 
0.846154 	 4.42789e-07 
0.847153 	 4.42605e-07 
0.848152 	 4.42421e-07 
0.849151 	 4.42237e-07 
0.850150 	 4.42053e-07 
0.851149 	 4.41869e-07 
0.852148 	 4.41686e-07 
0.853147 	 4.41502e-07 
0.854146 	 4.41319e-07 
0.855145 	 4.41136e-07 
0.856144 	 4.40953e-07 
0.857143 	 4.4077e-07 
0.858142 	 4.40587e-07 
0.859141 	 4.40404e-07 
0.860140 	 4.40222e-07 
0.861139 	 4.40039e-07 
0.862138 	 4.39857e-07 
0.863137 	 4.39675e-07 
0.864136 	 4.39493e-07 
0.865135 	 4.39311e-07 
0.866134 	 4.39129e-07 
0.867133 	 4.38947e-07 
0.868132 	 4.38765e-07 
0.869131 	 4.38584e-07 
0.870130 	 4.38403e-07 
0.871129 	 4.38221e-07 
0.872128 	 4.3804e-07 
0.873127 	 4.37859e-07 
0.874126 	 4.37678e-07 
0.875125 	 4.37498e-07 
0.876124 	 4.37317e-07 
0.877123 	 4.37137e-07 
0.878122 	 4.36956e-07 
0.879121 	 4.36776e-07 
0.880120 	 4.36596e-07 
0.881119 	 4.36416e-07 
0.882118 	 4.36236e-07 
0.883117 	 4.36056e-07 
0.884116 	 4.35877e-07 
0.885115 	 4.35697e-07 
0.886114 	 4.35518e-07 
0.887113 	 4.35338e-07 
0.888112 	 4.35159e-07 
0.889111 	 4.3498e-07 
0.890110 	 4.34801e-07 
0.891109 	 4.34623e-07 
0.892108 	 4.34444e-07 
0.893107 	 4.34265e-07 
0.894106 	 4.34087e-07 
0.895105 	 4.33909e-07 
0.896104 	 4.3373e-07 
0.897103 	 4.33552e-07 
0.898102 	 4.33374e-07 
0.899101 	 4.33196e-07 
0.900100 	 4.33019e-07 
0.901099 	 4.32841e-07 
0.902098 	 4.32664e-07 
0.903097 	 4.32486e-07 
0.904096 	 4.32309e-07 
0.905095 	 4.32132e-07 
0.906094 	 4.31955e-07 
0.907093 	 4.31778e-07 
0.908092 	 4.31601e-07 
0.909091 	 4.31425e-07 
0.910090 	 4.31248e-07 
0.911089 	 4.31072e-07 
0.912088 	 4.30895e-07 
0.913087 	 4.30719e-07 
0.914086 	 4.30543e-07 
0.915085 	 4.30367e-07 
0.916084 	 4.30191e-07 
0.917083 	 4.30016e-07 
0.918082 	 4.2984e-07 
0.919081 	 4.29665e-07 
0.920080 	 4.29489e-07 
0.921079 	 4.29314e-07 
0.922078 	 4.29139e-07 
0.923077 	 4.28964e-07 
0.924076 	 4.28789e-07 
0.925075 	 4.28614e-07 
0.926074 	 4.2844e-07 
0.927073 	 4.28265e-07 
0.928072 	 4.28091e-07 
0.929071 	 4.27916e-07 
0.930070 	 4.27742e-07 
0.931069 	 4.27568e-07 
0.932068 	 4.27394e-07 
0.933067 	 4.2722e-07 
0.934066 	 4.27047e-07 
0.935065 	 4.26873e-07 
0.936064 	 4.267e-07 
0.937063 	 4.26526e-07 
0.938062 	 4.26353e-07 
0.939061 	 4.2618e-07 
0.940060 	 4.26007e-07 
0.941059 	 4.25834e-07 
0.942058 	 4.25661e-07 
0.943057 	 4.25488e-07 
0.944056 	 4.25316e-07 
0.945055 	 4.25143e-07 
0.946054 	 4.24971e-07 
0.947053 	 4.24799e-07 
0.948052 	 4.24627e-07 
0.949051 	 4.24455e-07 
0.950050 	 4.24283e-07 
0.951049 	 4.24111e-07 
0.952048 	 4.2394e-07 
0.953047 	 4.23768e-07 
0.954046 	 4.23597e-07 
0.955045 	 4.23425e-07 
0.956044 	 4.23254e-07 
0.957043 	 4.23083e-07 
0.958042 	 4.22912e-07 
0.959041 	 4.22741e-07 
0.960040 	 4.22571e-07 
0.961039 	 4.224e-07 
0.962038 	 4.2223e-07 
0.963037 	 4.22059e-07 
0.964036 	 4.21889e-07 
0.965035 	 4.21719e-07 
0.966034 	 4.21549e-07 
0.967033 	 4.21379e-07 
0.968032 	 4.21209e-07 
0.969031 	 4.21039e-07 
0.970030 	 4.2087e-07 
0.971029 	 4.207e-07 
0.972028 	 4.20531e-07 
0.973027 	 4.20362e-07 
0.974026 	 4.20193e-07 
0.975025 	 4.20024e-07 
0.976024 	 4.19855e-07 
0.977023 	 4.19686e-07 
0.978022 	 4.19517e-07 
0.979021 	 4.19349e-07 
0.980020 	 4.1918e-07 
0.981019 	 4.19012e-07 
0.982018 	 4.18844e-07 
0.983017 	 4.18675e-07 
0.984016 	 4.18507e-07 
0.985015 	 4.1834e-07 
0.986014 	 4.18172e-07 
0.987013 	 4.18004e-07 
0.988012 	 4.17837e-07 
0.989011 	 4.17669e-07 
0.990010 	 4.17502e-07 
0.991009 	 4.17335e-07 
0.992008 	 4.17167e-07 
0.993007 	 4.17e-07 
0.994006 	 4.16834e-07 
0.995005 	 4.16667e-07 
0.996004 	 4.165e-07 
0.997003 	 4.16334e-07 
0.998002 	 4.16167e-07 
0.999001 	 4.16001e-07 
